     BP2000 Electron Density
         astro-ph/001034

     8.19005E-03    2.00852
     8.31693E-03    2.00847
     8.44579E-03    2.00842
     8.57666E-03    2.00837
     8.70957E-03    2.00832
     8.84456E-03    2.00826
     8.98165E-03    2.00820
     9.12087E-03    2.00814
     9.26227E-03    2.00808
     9.40589E-03    2.00802
     9.55174E-03    2.00795
     9.69987E-03    2.00788
     9.85031E-03    2.00781
     1.00031E-02    2.00774
     1.01583E-02    2.00767
     1.03159E-02    2.00759
     1.04760E-02    2.00751
     1.06385E-02    2.00743
     1.08037E-02    2.00735
     1.09714E-02    2.00726
     1.11417E-02    2.00717
     1.13147E-02    2.00708
     1.14904E-02    2.00699
     1.16688E-02    2.00689
     1.18501E-02    2.00679
     1.20342E-02    2.00669
     1.22212E-02    2.00658
     1.24111E-02    2.00647
     1.26040E-02    2.00636
     1.27999E-02    2.00624
     1.29989E-02    2.00612
     1.32011E-02    2.00599
     1.34064E-02    2.00586
     1.36149E-02    2.00573
     1.38268E-02    2.00560
     1.40419E-02    2.00545
     1.42605E-02    2.00531
     1.44825E-02    2.00516
     1.47080E-02    2.00501
     1.49371E-02    2.00485
     1.51698E-02    2.00468
     1.54062E-02    2.00451
     1.56463E-02    2.00434
     1.58902E-02    2.00416
     1.61379E-02    2.00397
     1.63896E-02    2.00378
     1.66453E-02    2.00358
     1.69051E-02    2.00338
     1.71689E-02    2.00317
     1.74370E-02    2.00296
     1.77094E-02    2.00273
     1.79860E-02    2.00250
     1.82671E-02    2.00227
     1.85527E-02    2.00202
     1.88428E-02    2.00177
     1.91376E-02    2.00151
     1.94370E-02    2.00124
     1.97413E-02    2.00097
     2.00504E-02    2.00068
     2.03646E-02    2.00039
     2.06837E-02    2.00009
     2.10080E-02    1.99978
     2.13375E-02    1.99945
     2.16723E-02    1.99912
     2.20126E-02    1.99878
     2.23583E-02    1.99843
     2.27096E-02    1.99807
     2.30666E-02    1.99769
     2.34294E-02    1.99731
     2.37981E-02    1.99691
     2.41728E-02    1.99650
     2.45536E-02    1.99608
     2.49407E-02    1.99564
     2.53340E-02    1.99519
     2.57338E-02    1.99473
     2.61401E-02    1.99425
     2.65532E-02    1.99376
     2.69730E-02    1.99325
     2.73997E-02    1.99273
     2.78335E-02    1.99219
     2.82745E-02    1.99163
     2.87228E-02    1.99106
     2.91785E-02    1.99047
     2.96418E-02    1.98986
     3.01129E-02    1.98924
     3.05918E-02    1.98859
     3.10788E-02    1.98792
     3.15739E-02    1.98723
     3.20773E-02    1.98653
     3.25893E-02    1.98580
     3.31099E-02    1.98504
     3.36394E-02    1.98427
     3.41779E-02    1.98347
     3.47255E-02    1.98264
     3.52825E-02    1.98179
     3.58491E-02    1.98092
     3.64254E-02    1.98002
     3.70116E-02    1.97909
     3.76080E-02    1.97813
     3.82148E-02    1.97714
     3.88321E-02    1.97612
     3.94601E-02    1.97507
     4.00992E-02    1.97399
     4.07495E-02    1.97288
     4.14113E-02    1.97173
     4.20849E-02    1.97054
     4.27703E-02    1.96932
     4.34680E-02    1.96806
     4.41782E-02    1.96677
     4.49012E-02    1.96543
     4.56372E-02    1.96405
     4.63866E-02    1.96263
     4.71496E-02    1.96117
     4.79266E-02    1.95966
     4.87178E-02    1.95811
     4.95236E-02    1.95651
     5.03443E-02    1.95486
     5.11803E-02    1.95316
     5.20320E-02    1.95141
     5.28996E-02    1.94960
     5.37836E-02    1.94774
     5.46844E-02    1.94583
     5.55741E-02    1.94391
     5.64476E-02    1.94201
     5.73061E-02    1.94012
     5.81506E-02    1.93825
     5.89820E-02    1.93639
     5.98012E-02    1.93454
     6.06088E-02    1.93269
     6.14057E-02    1.93086
     6.21924E-02    1.92904
     6.29694E-02    1.92722
     6.37375E-02    1.92542
     6.44971E-02    1.92361
     6.52485E-02    1.92182
     6.59924E-02    1.92003
     6.67291E-02    1.91825
     6.74590E-02    1.91647
     6.81824E-02    1.91470
     6.88997E-02    1.91293
     6.96111E-02    1.91116
     7.03171E-02    1.90940
     7.10179E-02    1.90764
     7.17137E-02    1.90588
     7.24049E-02    1.90413
     7.30916E-02    1.90238
     7.37740E-02    1.90063
     7.44525E-02    1.89888
     7.51272E-02    1.89713
     7.57983E-02    1.89538
     7.64660E-02    1.89363
     7.71305E-02    1.89189
     7.77919E-02    1.89014
     7.84505E-02    1.88839
     7.91063E-02    1.88665
     7.97596E-02    1.88490
     8.04105E-02    1.88315
     8.10592E-02    1.88140
     8.17058E-02    1.87965
     8.23503E-02    1.87790
     8.29931E-02    1.87614
     8.36341E-02    1.87438
     8.42735E-02    1.87262
     8.49115E-02    1.87086
     8.55481E-02    1.86909
     8.61835E-02    1.86733
     8.68177E-02    1.86555
     8.74510E-02    1.86378
     8.80834E-02    1.86200
     8.87149E-02    1.86022
     8.93458E-02    1.85843
     8.99761E-02    1.85664
     9.06059E-02    1.85484
     9.12353E-02    1.85304
     9.18645E-02    1.85124
     9.24934E-02    1.84943
     9.31223E-02    1.84761
     9.37511E-02    1.84579
     9.43801E-02    1.84396
     9.50092E-02    1.84212
     9.56386E-02    1.84028
     9.62685E-02    1.83843
     9.68987E-02    1.83658
     9.75295E-02    1.83472
     9.81610E-02    1.83285
     9.87932E-02    1.83097
     9.94263E-02    1.82908
     1.00060E-01    1.82719
     1.00695E-01    1.82529
     1.01331E-01    1.82338
     1.01969E-01    1.82146
     1.02607E-01    1.81953
     1.03247E-01    1.81759
     1.03889E-01    1.81564
     1.04532E-01    1.81368
    0.105176    1.81171
    0.105823    1.80973
    0.106471    1.80774
    0.107122    1.80574
    0.107774    1.80372
    0.108429    1.80170
    0.109085    1.79966
    0.109745    1.79761
    0.110406    1.79554
    0.111071    1.79346
    0.111738    1.79137
    0.112408    1.78926
    0.113080    1.78714
    0.113756    1.78500
    0.114435    1.78285
    0.115117    1.78068
    0.115803    1.77849
    0.116492    1.77629
    0.117185    1.77406
    0.117882    1.77182
    0.118583    1.76957
    0.119288    1.76729
    0.119997    1.76499
    0.120711    1.76267
    0.121429    1.76034
    0.122151    1.75797
    0.122879    1.75559
    0.123612    1.75319
    0.124350    1.75076
    0.125094    1.74830
    0.125843    1.74582
    0.126598    1.74332
    0.127358    1.74079
    0.128126    1.73823
    0.128899    1.73564
    0.129680    1.73302
    0.130467    1.73037
    0.131261    1.72769
    0.132063    1.72498
    0.132873    1.72224
    0.133690    1.71946
    0.134516    1.71664
    0.135350    1.71379
    0.136194    1.71090
    0.137046    1.70796
    0.137908    1.70499
    0.138780    1.70197
    0.139663    1.69891
    0.140556    1.69581
    0.141460    1.69265
    0.142375    1.68944
    0.143303    1.68619
    0.144243    1.68288
    0.145196    1.67951
    0.146163    1.67608
    0.147143    1.67260
    0.148138    1.66905
    0.149149    1.66543
    0.150175    1.66174
    0.151218    1.65798
    0.152279    1.65415
    0.153358    1.65024
    0.154456    1.64624
    0.155574    1.64216
    0.156714    1.63798
    0.157876    1.63371
    0.159061    1.62933
    0.160272    1.62484
    0.161509    1.62024
    0.162774    1.61552
    0.164070    1.61066
    0.165397    1.60567
    0.166758    1.60053
    0.168156    1.59522
    0.169593    1.58975
    0.171072    1.58409
    0.172596    1.57823
    0.174169    1.57216
    0.175795    1.56585
    0.177478    1.55929
    0.179223    1.55245
    0.181037    1.54531
    0.182894    1.53796
    0.184743    1.53061
    0.186585    1.52324
    0.188419    1.51587
    0.190247    1.50849
    0.192067    1.50111
    0.193880    1.49371
    0.195687    1.48631
    0.197488    1.47890
    0.199282    1.47148
    0.201070    1.46405
    0.202852    1.45662
    0.204629    1.44917
    0.206399    1.44172
    0.208164    1.43426
    0.209924    1.42679
    0.211679    1.41931
    0.213428    1.41182
    0.215173    1.40432
    0.216913    1.39681
    0.218648    1.38930
    0.220379    1.38178
    0.222105    1.37425
    0.223827    1.36671
    0.225545    1.35916
    0.227258    1.35160
    0.228968    1.34404
    0.230674    1.33646
    0.232376    1.32888
    0.234075    1.32129
    0.235770    1.31369
    0.237462    1.30608
    0.239151    1.29846
    0.240836    1.29083
    0.242519    1.28320
    0.244198    1.27555
    0.245875    1.26790
    0.247549    1.26024
    0.249220    1.25257
    0.250889    1.24490
    0.252555    1.23721
    0.254218    1.22952
    0.255880    1.22182
    0.257539    1.21412
    0.259196    1.20640
    0.260851    1.19868
    0.262505    1.19095
    0.264156    1.18322
    0.265805    1.17548
    0.267453    1.16773
    0.269099    1.15997
    0.270744    1.15221
    0.272386    1.14444
    0.274028    1.13667
    0.275668    1.12889
    0.277307    1.12110
    0.278945    1.11331
    0.280581    1.10551
    0.282217    1.09770
    0.283852    1.08989
    0.285485    1.08207
    0.287118    1.07424
    0.288750    1.06641
    0.290381    1.05857
    0.292012    1.05073
    0.293642    1.04288
    0.295272    1.03502
    0.296901    1.02716
    0.298529    1.01929
    0.300158    1.01141
    0.301786    1.00353
    0.303414   0.995649
    0.305042   0.987759
    0.306669   0.979863
    0.308297   0.971962
    0.309924   0.964056
    0.311552   0.956145
    0.313180   0.948228
    0.314808   0.940307
    0.316436   0.932382
    0.318064   0.924451
    0.319693   0.916517
    0.321322   0.908579
    0.322951   0.900637
    0.324581   0.892691
    0.326211   0.884741
    0.327842   0.876787
    0.329474   0.868830
    0.331106   0.860869
    0.332738   0.852904
    0.334371   0.844935
    0.336005   0.836962
    0.337640   0.828986
    0.339276   0.821007
    0.340912   0.813023
    0.342549   0.805037
    0.344188   0.797046
    0.345827   0.789052
    0.347467   0.781055
    0.349108   0.773054
    0.350750   0.765049
    0.352394   0.757041
    0.354038   0.749030
    0.355684   0.741015
    0.357331   0.732997
    0.358979   0.724976
    0.360628   0.716952
    0.362279   0.708924
    0.363931   0.700894
    0.365584   0.692861
    0.367239   0.684825
    0.368895   0.676786
    0.370552   0.668745
    0.372211   0.660702
    0.373872   0.652657
    0.375534   0.644609
    0.377198   0.636560
    0.378863   0.628509
    0.380530   0.620455
    0.382199   0.612399
    0.383869   0.604341
    0.385541   0.596282
    0.387214   0.588220
    0.388890   0.580156
    0.390567   0.572091
    0.392246   0.564023
    0.393927   0.555954
    0.395609   0.547883
    0.397294   0.539810
    0.398980   0.531735
    0.400668   0.523659
    0.402359   0.515581
    0.404051   0.507501
    0.405745   0.499420
    0.407441   0.491337
    0.409139   0.483253
    0.410839   0.475167
    0.412542   0.467079
    0.414246   0.458990
    0.415953   0.450899
    0.417661   0.442807
    0.419372   0.434712
    0.421085   0.426617
    0.422800   0.418520
    0.424517   0.410423
    0.426237   0.402325
    0.427958   0.394227
    0.429682   0.386127
    0.431408   0.378027
    0.433137   0.369925
    0.434868   0.361823
    0.436601   0.353721
    0.438336   0.345617
    0.440074   0.337513
    0.441814   0.329408
    0.443556   0.321302
    0.445301   0.313196
    0.447048   0.305090
    0.448798   0.296982
    0.450550   0.288874
    0.452304   0.280766
    0.454061   0.272658
    0.455821   0.264548
    0.457582   0.256439
    0.459347   0.248329
    0.461114   0.240219
    0.462883   0.232109
    0.464655   0.223999
    0.466429   0.215888
    0.468206   0.207777
    0.469985   0.199667
    0.471767   0.191557
    0.473551   0.183446
    0.475338   0.175336
    0.477128   0.167227
    0.478920   0.159119
    0.480715   0.151011
    0.482512   0.142904
    0.484312   0.134798
    0.486114   0.126692
    0.487919   0.118588
    0.489727   0.110484
    0.491537    1.02381E-01
    0.493350    9.42788E-02
    0.495165    8.61776E-02
    0.496983    7.80776E-02
    0.498804    6.99785E-02
    0.500627    6.18801E-02
    0.502452    5.37825E-02
    0.504281    4.56859E-02
    0.506112    3.75906E-02
    0.507945    2.94959E-02
    0.509782    2.14027E-02
    0.511620    1.33105E-02
    0.513462    5.21979E-03
    0.515306   -2.86977E-03
    0.517152   -1.09577E-02
    0.519002   -1.90443E-02
    0.520853   -2.71290E-02
    0.522708   -3.52124E-02
    0.524565   -4.32938E-02
    0.526424   -5.13732E-02
    0.528286   -5.94509E-02
    0.530151   -6.75265E-02
    0.532018   -7.55995E-02
    0.533888   -8.36701E-02
    0.535760   -9.17377E-02
    0.537635   -9.98027E-02
    0.539512  -0.107865
    0.541392  -0.115924
    0.543274  -0.123980
    0.545159  -0.132033
    0.547046  -0.140083
    0.548936  -0.148130
    0.550828  -0.156174
    0.552723  -0.164214
    0.554620  -0.172250
    0.556519  -0.180283
    0.558421  -0.188313
    0.560325  -0.196338
    0.562231  -0.204360
    0.564140  -0.212378
    0.566051  -0.220391
    0.567964  -0.228400
    0.569879  -0.236405
    0.571797  -0.244406
    0.573716  -0.252401
    0.575638  -0.260391
    0.577562  -0.268377
    0.579489  -0.276357
    0.581417  -0.284332
    0.583347  -0.292301
    0.585279  -0.300265
    0.587213  -0.308222
    0.589150  -0.316173
    0.591088  -0.324118
    0.593028  -0.332056
    0.594969  -0.339986
    0.596913  -0.347909
    0.598858  -0.355824
    0.600805  -0.363732
    0.602753  -0.371631
    0.604703  -0.379522
    0.606655  -0.387405
    0.608608  -0.395279
    0.610563  -0.403143
    0.612519  -0.410999
    0.614476  -0.418844
    0.616434  -0.426680
    0.618394  -0.434505
    0.620355  -0.442320
    0.622317  -0.450125
    0.624279  -0.457918
    0.626243  -0.465700
    0.628208  -0.473470
    0.630174  -0.481227
    0.632140  -0.488971
    0.634107  -0.496701
    0.636075  -0.504418
    0.638043  -0.512119
    0.640011  -0.519805
    0.641981  -0.527475
    0.643950  -0.535128
    0.645919  -0.542763
    0.647889  -0.550380
    0.649859  -0.557977
    0.651828  -0.565553
    0.653798  -0.573107
    0.655767  -0.580638
    0.657736  -0.588144
    0.659704  -0.595624
    0.661672  -0.603075
    0.663639  -0.610496
    0.665606  -0.617888
    0.667571  -0.625248
    0.669535  -0.632578
    0.671498  -0.639877
    0.673460  -0.647148
    0.675420  -0.654389
    0.677379  -0.661601
    0.679336  -0.668782
    0.681291  -0.675932
    0.683245  -0.683049
    0.685195  -0.690131
    0.687144  -0.697175
    0.689090  -0.704180
    0.691034  -0.711142
    0.692974  -0.718058
    0.694636  -0.723951
    0.695119  -0.725661
    0.695602  -0.727366
    0.696085  -0.729069
    0.696568  -0.730768
    0.697050  -0.732464
    0.697532  -0.734156
    0.698014  -0.735845
    0.698496  -0.737530
    0.698978  -0.739212
    0.699459  -0.740890
    0.699940  -0.742564
    0.700421  -0.744235
    0.700902  -0.745901
    0.701382  -0.747564
    0.701862  -0.749222
    0.702342  -0.750876
    0.702821  -0.752527
    0.703301  -0.754173
    0.703780  -0.755815
    0.704258  -0.757452
    0.704737  -0.759085
    0.705215  -0.760713
    0.705693  -0.762336
    0.706170  -0.763955
    0.706647  -0.765569
    0.707124  -0.767178
    0.707601  -0.768782
    0.708077  -0.770381
    0.708553  -0.771975
    0.709029  -0.773564
    0.709504  -0.775147
    0.709979  -0.776724
    0.710454  -0.778296
    0.710928  -0.779863
    0.711402  -0.781423
    0.711875  -0.782978
    0.712348  -0.784526
    0.712821  -0.786068
    0.713293  -0.787604
    0.713765  -0.789133
    0.714237  -0.790639
    0.714709  -0.792143
    0.715180  -0.793646
    0.715650  -0.795150
    0.716120  -0.796654
    0.716590  -0.798158
    0.717059  -0.799661
    0.717527  -0.801165
    0.717995  -0.802669
    0.718463  -0.804173
    0.718930  -0.805676
    0.719396  -0.807180
    0.719862  -0.808683
    0.720328  -0.810187
    0.720793  -0.811691
    0.721257  -0.813194
    0.721721  -0.814698
    0.722184  -0.816201
    0.722647  -0.817704
    0.723109  -0.819207
    0.723571  -0.820711
    0.724033  -0.822214
    0.724493  -0.823717
    0.724954  -0.825220
    0.725413  -0.826723
    0.725873  -0.828226
    0.726331  -0.829729
    0.726789  -0.831232
    0.727247  -0.832735
    0.727704  -0.834238
    0.728161  -0.835741
    0.728617  -0.837244
    0.729073  -0.838746
    0.729528  -0.840249
    0.729982  -0.841752
    0.730436  -0.843254
    0.730888  -0.844749
    0.732696  -0.850759
    0.734497  -0.856770
    0.736289  -0.862782
    0.738073  -0.868794
    0.739848  -0.874807
    0.741615  -0.880820
    0.743373  -0.886834
    0.745123  -0.892847
    0.746865  -0.898861
    0.748598  -0.904876
    0.750323  -0.910890
    0.752039  -0.916904
    0.753746  -0.922918
    0.755446  -0.928932
    0.757137  -0.934945
    0.758819  -0.940959
    0.760493  -0.946972
    0.762158  -0.952985
    0.763815  -0.958997
    0.765463  -0.965010
    0.767103  -0.971022
    0.768734  -0.977033
    0.770357  -0.983045
    0.771971  -0.989056
    0.773577  -0.995066
    0.775174   -1.00108
    0.776763   -1.00709
    0.778343   -1.01310
    0.779915   -1.01910
    0.781478   -1.02511
    0.783033   -1.03112
    0.784579   -1.03713
    0.786117   -1.04314
    0.787646   -1.04915
    0.789167   -1.05516
    0.790680   -1.06117
    0.792183   -1.06718
    0.793679   -1.07320
    0.795166   -1.07921
    0.796645   -1.08522
    0.798115   -1.09123
    0.799577   -1.09725
    0.801031   -1.10326
    0.802476   -1.10927
    0.803913   -1.11528
    0.805341   -1.12129
    0.806761   -1.12730
    0.808173   -1.13331
    0.809577   -1.13932
    0.810972   -1.14533
    0.812359   -1.15134
    0.813738   -1.15734
    0.815108   -1.16335
    0.816471   -1.16936
    0.817825   -1.17536
    0.819171   -1.18137
    0.820509   -1.18737
    0.821838   -1.19338
    0.823160   -1.19938
    0.824473   -1.20539
    0.825778   -1.21140
    0.827076   -1.21741
    0.828365   -1.22341
    0.829646   -1.22942
    0.830919   -1.23543
    0.832184   -1.24144
    0.833442   -1.24745
    0.834691   -1.25345
    0.835932   -1.25946
    0.837166   -1.26547
    0.838392   -1.27147
    0.839610   -1.27748
    0.840820   -1.28348
    0.842022   -1.28948
    0.843216   -1.29549
    0.844403   -1.30149
    0.845582   -1.30749
    0.846753   -1.31349
    0.847917   -1.31950
    0.849073   -1.32550
    0.850222   -1.33151
    0.851362   -1.33752
    0.852496   -1.34352
    0.853622   -1.34953
    0.854740   -1.35553
    0.855851   -1.36154
    0.856954   -1.36755
    0.858050   -1.37355
    0.859139   -1.37955
    0.860220   -1.38556
    0.861294   -1.39156
    0.862361   -1.39756
    0.863421   -1.40356
    0.864473   -1.40956
    0.865518   -1.41556
    0.866556   -1.42156
    0.867586   -1.42755
    0.868610   -1.43355
    0.869626   -1.43954
    0.870636   -1.44553
    0.871638   -1.45152
    0.872633   -1.45752
    0.873621   -1.46351
    0.874603   -1.46951
    0.875577   -1.47551
    0.876545   -1.48151
    0.877506   -1.48751
    0.878460   -1.49351
    0.879407   -1.49951
    0.880348   -1.50552
    0.881282   -1.51152
    0.882209   -1.51752
    0.883129   -1.52353
    0.884043   -1.52953
    0.884951   -1.53554
    0.885852   -1.54154
    0.886746   -1.54754
    0.887634   -1.55355
    0.888515   -1.55955
    0.889391   -1.56555
    0.890259   -1.57155
    0.891122   -1.57755
    0.891978   -1.58355
    0.892828   -1.58955
    0.893671   -1.59555
    0.894509   -1.60154
    0.895340   -1.60754
    0.896165   -1.61353
    0.896984   -1.61953
    0.897797   -1.62552
    0.898603   -1.63151
    0.899404   -1.63750
    0.900199   -1.64349
    0.900988   -1.64948
    0.901771   -1.65548
    0.902548   -1.66147
    0.903319   -1.66747
    0.904084   -1.67347
    0.904844   -1.67947
    0.905598   -1.68547
    0.906346   -1.69147
    0.907089   -1.69747
    0.907826   -1.70347
    0.908557   -1.70947
    0.909283   -1.71547
    0.910003   -1.72146
    0.910717   -1.72746
    0.911427   -1.73345
    0.912130   -1.73945
    0.912829   -1.74544
    0.913522   -1.75143
    0.914209   -1.75742
    0.914891   -1.76341
    0.915568   -1.76941
    0.916240   -1.77540
    0.916907   -1.78140
    0.917568   -1.78740
    0.918224   -1.79341
    0.918876   -1.79941
    0.919522   -1.80542
    0.920163   -1.81143
    0.920799   -1.81743
    0.921430   -1.82344
    0.922056   -1.82944
    0.922677   -1.83545
    0.923293   -1.84145
    0.923905   -1.84745
    0.924511   -1.85345
    0.925113   -1.85945
    0.925710   -1.86544
    0.926303   -1.87144
    0.926890   -1.87743
    0.927473   -1.88342
    0.928052   -1.88941
    0.928625   -1.89539
    0.929194   -1.90138
    0.929759   -1.90736
    0.930319   -1.91334
    0.930874   -1.91933
    0.931426   -1.92532
    0.931972   -1.93131
    0.932514   -1.93731
    0.933052   -1.94331
    0.933586   -1.94932
    0.934115   -1.95532
    0.934640   -1.96133
    0.935161   -1.96733
    0.935677   -1.97334
    0.936190   -1.97935
    0.936698   -1.98536
    0.937202   -1.99137
    0.937702   -1.99738
    0.938198   -2.00339
    0.938690   -2.00940
    0.939178   -2.01541
    0.939662   -2.02142
    0.940142   -2.02742
    0.940618   -2.03343
    0.941090   -2.03944
    0.941559   -2.04544
    0.942023   -2.05145
    0.942484   -2.05745
    0.942941   -2.06345
    0.943394   -2.06945
    0.943844   -2.07545
    0.944290   -2.08145
    0.944732   -2.08745
    0.945170   -2.09344
    0.945605   -2.09943
    0.946036   -2.10543
    0.946464   -2.11143
    0.946888   -2.11743
    0.947308   -2.12344
    0.947725   -2.12946
    0.948139   -2.13547
    0.948549   -2.14149
    0.948956   -2.14751
    0.949035   -2.14868
    0.949006   -2.14875
    0.949199   -2.15162
    0.949500   -2.15613
    0.949799   -2.16065
    0.950097   -2.16516
    0.950392   -2.16967
    0.950686   -2.17418
    0.950978   -2.17869
    0.951268   -2.18321
    0.951556   -2.18771
    0.951843   -2.19222
    0.952127   -2.19673
    0.952410   -2.20124
    0.952691   -2.20574
    0.952971   -2.21025
    0.953248   -2.21475
    0.953524   -2.21925
    0.953798   -2.22375
    0.954071   -2.22825
    0.954341   -2.23276
    0.954610   -2.23727
    0.954877   -2.24179
    0.955143   -2.24631
    0.955407   -2.25083
    0.955669   -2.25536
    0.955930   -2.25988
    0.956189   -2.26441
    0.956446   -2.26894
    0.956702   -2.27347
    0.956956   -2.27801
    0.957208   -2.28254
    0.957459   -2.28708
    0.957709   -2.29161
    0.957956   -2.29615
    0.958203   -2.30068
    0.958447   -2.30522
    0.958690   -2.30975
    0.958932   -2.31429
    0.959172   -2.31882
    0.959410   -2.32335
    0.959648   -2.32788
    0.959883   -2.33241
    0.960117   -2.33694
    0.960350   -2.34146
    0.960581   -2.34598
    0.960810   -2.35051
    0.961038   -2.35503
    0.961265   -2.35954
    0.961490   -2.36406
    0.961714   -2.36858
    0.961937   -2.37309
    0.962158   -2.37760
    0.962377   -2.38212
    0.962595   -2.38664
    0.962812   -2.39117
    0.963027   -2.39570
    0.963241   -2.40024
    0.963454   -2.40478
    0.963665   -2.40933
    0.963875   -2.41388
    0.964084   -2.41843
    0.964291   -2.42299
    0.964497   -2.42755
    0.964702   -2.43212
    0.964905   -2.43669
    0.965107   -2.44126
    0.965308   -2.44583
    0.965508   -2.45041
    0.965706   -2.45499
    0.965903   -2.45957
    0.966099   -2.46415
    0.966294   -2.46874
    0.966487   -2.47333
    0.966679   -2.47792
    0.966870   -2.48251
    0.967060   -2.48710
    0.967248   -2.49170
    0.967436   -2.49629
    0.967622   -2.50089
    0.967807   -2.50549
    0.967991   -2.51009
    0.968173   -2.51469
    0.968355   -2.51929
    0.968535   -2.52389
    0.968715   -2.52849
    0.968893   -2.53310
    0.969070   -2.53770
    0.969246   -2.54231
    0.969421   -2.54691
    0.969594   -2.55152
    0.969767   -2.55612
    0.969939   -2.56073
    0.970109   -2.56533
    0.970278   -2.56994
    0.970447   -2.57454
    0.970614   -2.57914
    0.970780   -2.58375
    0.970945   -2.58835
    0.971110   -2.59296
    0.971273   -2.59757
    0.971435   -2.60219
    0.971596   -2.60681
    0.971756   -2.61143
    0.971915   -2.61606
    0.972073   -2.62070
    0.972230   -2.62533
    0.972386   -2.62997
    0.972541   -2.63462
    0.972695   -2.63927
    0.972848   -2.64392
    0.973000   -2.64858
    0.973152   -2.65324
    0.973302   -2.65790
    0.973451   -2.66257
    0.973600   -2.66724
    0.973747   -2.67191
    0.973894   -2.67659
    0.974040   -2.68127
    0.974185   -2.68595
    0.974329   -2.69064
    0.974472   -2.69533
    0.974614   -2.70003
    0.974755   -2.70472
    0.974896   -2.70942
    0.975035   -2.71412
    0.975174   -2.71882
    0.975312   -2.72353
    0.975449   -2.72823
    0.975585   -2.73294
    0.975720   -2.73765
    0.975855   -2.74236
    0.975988   -2.74707
    0.976121   -2.75178
    0.976253   -2.75650
    0.976385   -2.76121
    0.976515   -2.76593
    0.976645   -2.77066
    0.976773   -2.77538
    0.976901   -2.78011
    0.977029   -2.78484
    0.977155   -2.78957
    0.977281   -2.79430
    0.977406   -2.79904
    0.977530   -2.80378
    0.977654   -2.80852
    0.977776   -2.81326
    0.977898   -2.81800
    0.978019   -2.82274
    0.978140   -2.82749
    0.978260   -2.83223
    0.978379   -2.83697
    0.978497   -2.84171
    0.978615   -2.84645
    0.978731   -2.85119
    0.978848   -2.85593
    0.978963   -2.86067
    0.979078   -2.86541
    0.979192   -2.87015
    0.979305   -2.87489
    0.979418   -2.87963
    0.979530   -2.88437
    0.979641   -2.88911
    0.979751   -2.89386
    0.979861   -2.89860
    0.979971   -2.90334
    0.980079   -2.90809
    0.980187   -2.91283
    0.980294   -2.91758
    0.980401   -2.92232
    0.980507   -2.92707
    0.980612   -2.93181
    0.980717   -2.93656
    0.980821   -2.94130
    0.980924   -2.94604
    0.981027   -2.95078
    0.981129   -2.95552
    0.981230   -2.96026
    0.981331   -2.96499
    0.981432   -2.96973
    0.981531   -2.97446
    0.981630   -2.97919
    0.981729   -2.98392
    0.981826   -2.98865
    0.981924   -2.99338
    0.982020   -2.99812
    0.982116   -3.00285
    0.982212   -3.00759
    0.982306   -3.01233
    0.982401   -3.01706
    0.982494   -3.02180
    0.982588   -3.02653
    0.982680   -3.03126
    0.982772   -3.03599
    0.982863   -3.04072
    0.982954   -3.04544
    0.983044   -3.05016
    0.983134   -3.05488
    0.983223   -3.05959
    0.983312   -3.06430
    0.983400   -3.06901
    0.983487   -3.07370
    0.983574   -3.07840
    0.983661   -3.08309
    0.983746   -3.08779
    0.983832   -3.09249
    0.983916   -3.09719
    0.984001   -3.10189
    0.984084   -3.10658
    0.984168   -3.11128
    0.984250   -3.11598
    0.984332   -3.12067
    0.984414   -3.12537
    0.984495   -3.13006
    0.984576   -3.13474
    0.984656   -3.13943
    0.984735   -3.14411
    0.984815   -3.14879
    0.984893   -3.15346
    0.984971   -3.15814
    0.985049   -3.16280
    0.985126   -3.16747
    0.985203   -3.17213
    0.985279   -3.17678
    0.985354   -3.18144
    0.985430   -3.18609
    0.985504   -3.19075
    0.985578   -3.19542
    0.985652   -3.20009
    0.985725   -3.20477
    0.985798   -3.20945
    0.985871   -3.21413
    0.985942   -3.21882
    0.986014   -3.22351
    0.986085   -3.22821
    0.986155   -3.23290
    0.986225   -3.23760
    0.986295   -3.24230
    0.986364   -3.24700
    0.986433   -3.25170
    0.986502   -3.25641
    0.986569   -3.26112
    0.986637   -3.26582
    0.986704   -3.27053
    0.986771   -3.27524
    0.986837   -3.27995
    0.986903   -3.28466
    0.986968   -3.28937
    0.987033   -3.29409
    0.987098   -3.29880
    0.987162   -3.30352
    0.987226   -3.30824
    0.987289   -3.31297
    0.987352   -3.31770
    0.987415   -3.32244
    0.987477   -3.32719
    0.987539   -3.33194
    0.987600   -3.33670
    0.987661   -3.34146
    0.987722   -3.34622
    0.987782   -3.35098
    0.987842   -3.35575
    0.987902   -3.36051
    0.987961   -3.36528
    0.988020   -3.37005
    0.988078   -3.37482
    0.988136   -3.37959
    0.988194   -3.38436
    0.988252   -3.38915
    0.988309   -3.39394
    0.988365   -3.39874
    0.988422   -3.40355
    0.988478   -3.40837
    0.988533   -3.41319
    0.988589   -3.41801
    0.988644   -3.42285
    0.988698   -3.42768
    0.988753   -3.43253
    0.988807   -3.43737
    0.988860   -3.44222
    0.988914   -3.44708
    0.988967   -3.45194
    0.989020   -3.45680
    0.989072   -3.46166
    0.989075   -3.46178
    0.989079   -3.46209
    0.989082   -3.46239
    0.989085   -3.46270
    0.989088   -3.46300
    0.989092   -3.46331
    0.989095   -3.46361
    0.989098   -3.46392
    0.989101   -3.46422
    0.989105   -3.46453
    0.989108   -3.46483
    0.989111   -3.46514
    0.989115   -3.46545
    0.989118   -3.46575
    0.989170   -3.47065
    0.989221   -3.47555
    0.989272   -3.48047
    0.989323   -3.48540
    0.989374   -3.49034
    0.989424   -3.49528
    0.989474   -3.50023
    0.989524   -3.50520
    0.989574   -3.51016
    0.989623   -3.51514
    0.989672   -3.52012
    0.989720   -3.52511
    0.989769   -3.53011
    0.989817   -3.53511
    0.989865   -3.54011
    0.989912   -3.54512
    0.989960   -3.55014
    0.990007   -3.55515
    0.990053   -3.56017
    0.990100   -3.56520
    0.990146   -3.57022
    0.990192   -3.57526
    0.990238   -3.58030
    0.990283   -3.58534
    0.990328   -3.59039
    0.990373   -3.59545
    0.990418   -3.60052
    0.990463   -3.60559
    0.990507   -3.61066
    0.990551   -3.61575
    0.990595   -3.62083
    0.990638   -3.62593
    0.990681   -3.63103
    0.990725   -3.63613
    0.990767   -3.64124
    0.990810   -3.64636
    0.990852   -3.65148
    0.990894   -3.65660
    0.990936   -3.66173
    0.990978   -3.66686
    0.991019   -3.67200
    0.991061   -3.67714
    0.991102   -3.68229
    0.991142   -3.68744
    0.991183   -3.69260
    0.991223   -3.69776
    0.991264   -3.70293
    0.991303   -3.70811
    0.991343   -3.71330
    0.991383   -3.71849
    0.991422   -3.72370
    0.991461   -3.72891
    0.991500   -3.73414
    0.991539   -3.73937
    0.991577   -3.74461
    0.991616   -3.74986
    0.991654   -3.75512
    0.991692   -3.76039
    0.991729   -3.76567
    0.991767   -3.77096
    0.991804   -3.77625
    0.991841   -3.78155
    0.991878   -3.78686
    0.991915   -3.79218
    0.991952   -3.79751
    0.991988   -3.80284
    0.992025   -3.80818
    0.992061   -3.81353
    0.992097   -3.81888
    0.992132   -3.82422
    0.992168   -3.82956
    0.992203   -3.83491
    0.992238   -3.84025
    0.992273   -3.84559
    0.992308   -3.85093
    0.992343   -3.85627
    0.992378   -3.86161
    0.992412   -3.86696
    0.992446   -3.87231
    0.992480   -3.87766
    0.992514   -3.88302
    0.992548   -3.88838
    0.992581   -3.89374
    0.992615   -3.89912
    0.992648   -3.90449
    0.992681   -3.90988
    0.992714   -3.91527
    0.992747   -3.92066
    0.992779   -3.92607
    0.992812   -3.93148
    0.992844   -3.93689
    0.992876   -3.94231
    0.992908   -3.94774
    0.992940   -3.95318
    0.992971   -3.95862
    0.993003   -3.96407
    0.993034   -3.96953
    0.993066   -3.97500
    0.993097   -3.98047
    0.993128   -3.98595
    0.993158   -3.99143
    0.993189   -3.99692
    0.993220   -4.00242
    0.993250   -4.00793
    0.993280   -4.01344
    0.993310   -4.01896
    0.993340   -4.02449
    0.993370   -4.03002
    0.993400   -4.03556
    0.993430   -4.04110
    0.993459   -4.04665
    0.993488   -4.05221
    0.993517   -4.05777
    0.993547   -4.06334
    0.993576   -4.06890
    0.993604   -4.07445
    0.993633   -4.08000
    0.993662   -4.08554
    0.993690   -4.09108
    0.993718   -4.09661
    0.993746   -4.10214
    0.993774   -4.10767
    0.993802   -4.11319
    0.993830   -4.11872
    0.993858   -4.12424
    0.993885   -4.12977
    0.993913   -4.13530
    0.993940   -4.14083
    0.993967   -4.14637
    0.993994   -4.15191
    0.994021   -4.15746
    0.994048   -4.16301
    0.994075   -4.16857
    0.994101   -4.17414
    0.994128   -4.17971
    0.994154   -4.18529
    0.994181   -4.19088
    0.994207   -4.19648
    0.994233   -4.20209
    0.994259   -4.20771
    0.994284   -4.21334
    0.994310   -4.21897
    0.994336   -4.22462
    0.994361   -4.23028
    0.994386   -4.23594
    0.994412   -4.24162
    0.994437   -4.24731
    0.994462   -4.25301
    0.994487   -4.25872
    0.994512   -4.26444
    0.994536   -4.27017
    0.994561   -4.27591
    0.994586   -4.28167
    0.994610   -4.28743
    0.994634   -4.29320
    0.994659   -4.29899
    0.994683   -4.30478
    0.994707   -4.31058
    0.994731   -4.31638
    0.994755   -4.32218
    0.994779   -4.32796
    0.994802   -4.33375
    0.994826   -4.33952
    0.994849   -4.34529
    0.994873   -4.35106
    0.994896   -4.35683
    0.994919   -4.36259
    0.994943   -4.36835
    0.994966   -4.37411
    0.994989   -4.37987
    0.995011   -4.38563
    0.995034   -4.39139
    0.995057   -4.39715
    0.995080   -4.40290
    0.995102   -4.40866
    0.995124   -4.41440
    0.995147   -4.42015
    0.995169   -4.42589
    0.995191   -4.43163
    0.995213   -4.43737
    0.995235   -4.44311
    0.995257   -4.44886
    0.995279   -4.45460
    0.995301   -4.46035
    0.995322   -4.46610
    0.995344   -4.47185
    0.995365   -4.47761
    0.995387   -4.48338
    0.995408   -4.48914
    0.995429   -4.49492
    0.995450   -4.50070
    0.995471   -4.50648
    0.995492   -4.51228
    0.995513   -4.51808
    0.995534   -4.52389
    0.995555   -4.52970
    0.995575   -4.53553
    0.995596   -4.54136
    0.995616   -4.54720
    0.995637   -4.55305
    0.995657   -4.55891
    0.995677   -4.56478
    0.995698   -4.57063
    0.995718   -4.57648
    0.995738   -4.58231
    0.995758   -4.58814
    0.995777   -4.59397
    0.995797   -4.59979
    0.995817   -4.60561
    0.995837   -4.61142
    0.995856   -4.61724
    0.995876   -4.62306
    0.995895   -4.62888
    0.995915   -4.63470
    0.995934   -4.64052
    0.995953   -4.64635
    0.995972   -4.65219
    0.995991   -4.65803
    0.996010   -4.66388
    0.996029   -4.66973
    0.996048   -4.67559
    0.996067   -4.68146
    0.996085   -4.68734
    0.996104   -4.69323
    0.996123   -4.69913
    0.996141   -4.70504
    0.996160   -4.71095
    0.996178   -4.71688
    0.996196   -4.72282
    0.996214   -4.72877
    0.996233   -4.73473
    0.996251   -4.74071
    0.996269   -4.74669
    0.996287   -4.75269
    0.996305   -4.75869
    0.996323   -4.76471
    0.996340   -4.77074
    0.996358   -4.77678
    0.996376   -4.78283
    0.996393   -4.78889
    0.996411   -4.79496
    0.996428   -4.80104
    0.996446   -4.80713
    0.996463   -4.81322
    0.996481   -4.81931
    0.996498   -4.82537
    0.996515   -4.83143
    0.996532   -4.83747
    0.996549   -4.84350
    0.996567   -4.84952
    0.996584   -4.85553
    0.996601   -4.86154
    0.996617   -4.86754
    0.996634   -4.87354
    0.996651   -4.87952
    0.996668   -4.88550
    0.996684   -4.89147
    0.996701   -4.89744
    0.996718   -4.90340
    0.996734   -4.90935
    0.996750   -4.91531
    0.996767   -4.92126
    0.996783   -4.92721
    0.996799   -4.93317
    0.996816   -4.93912
    0.996832   -4.94508
    0.996848   -4.95104
    0.996864   -4.95701
    0.996880   -4.96298
    0.996896   -4.96895
    0.996911   -4.97493
    0.996927   -4.98092
    0.996943   -4.98692
    0.996959   -4.99292
    0.996974   -4.99893
    0.996990   -5.00495
    0.997005   -5.01098
    0.997021   -5.01701
    0.997036   -5.02306
    0.997052   -5.02912
    0.997067   -5.03518
    0.997082   -5.04126
    0.997098   -5.04735
    0.997113   -5.05345
    0.997128   -5.05955
    0.997143   -5.06566
    0.997158   -5.07175
    0.997173   -5.07783
    0.997188   -5.08389
    0.997203   -5.08995
    0.997218   -5.09599
    0.997232   -5.10203
    0.997247   -5.10807
    0.997262   -5.11411
    0.997277   -5.12014
    0.997291   -5.12618
    0.997306   -5.13221
    0.997320   -5.13825
    0.997335   -5.14428
    0.997349   -5.15031
    0.997363   -5.15633
    0.997378   -5.16236
    0.997392   -5.16839
    0.997406   -5.17441
    0.997420   -5.18044
    0.997434   -5.18647
    0.997449   -5.19250
    0.997463   -5.19854
    0.997477   -5.20458
    0.997490   -5.21062
    0.997504   -5.21667
    0.997518   -5.22272
    0.997532   -5.22878
    0.997546   -5.23485
    0.997559   -5.24092
    0.997573   -5.24700
    0.997587   -5.25308
    0.997600   -5.25917
    0.997614   -5.26526
    0.997627   -5.27137
    0.997641   -5.27748
    0.997654   -5.28359
    0.997667   -5.28971
    0.997681   -5.29585
    0.997694   -5.30198
    0.997707   -5.30813
    0.997720   -5.31427
    0.997734   -5.32039
    0.997747   -5.32650
    0.997760   -5.33258
    0.997773   -5.33865
    0.997786   -5.34471
    0.997799   -5.35076
    0.997812   -5.35680
    0.997824   -5.36283
    0.997837   -5.36886
    0.997850   -5.37489
    0.997863   -5.38092
    0.997875   -5.38695
    0.997888   -5.39299
    0.997901   -5.39902
    0.997913   -5.40507
    0.997926   -5.41111
    0.997938   -5.41717
    0.997951   -5.42324
    0.997963   -5.42931
    0.997975   -5.43539
    0.997988   -5.44149
    0.998000   -5.44760
    0.998012   -5.45371
    0.998024   -5.45982
    0.998036   -5.46594
    0.998049   -5.47206
    0.998061   -5.47819
    0.998073   -5.48432
    0.998085   -5.49046
    0.998097   -5.49660
    0.998109   -5.50275
    0.998120   -5.50890
    0.998132   -5.51505
    0.998144   -5.52121
    0.998156   -5.52738
    0.998168   -5.53355
    0.998179   -5.53972
    0.998191   -5.54589
    0.998203   -5.55207
    0.998214   -5.55825
    0.998226   -5.56442
    0.998237   -5.57057
    0.998249   -5.57670
    0.998260   -5.58280
    0.998272   -5.58888
    0.998283   -5.59495
    0.998294   -5.60100
    0.998306   -5.60704
    0.998317   -5.61307
    0.998328   -5.61909
    0.998340   -5.62511
    0.998351   -5.63112
    0.998362   -5.63712
    0.998373   -5.64313
    0.998384   -5.64913
    0.998395   -5.65513
    0.998406   -5.66113
    0.998417   -5.66714
    0.998428   -5.67315
    0.998439   -5.67915
    0.998449   -5.68517
    0.998460   -5.69119
    0.998471   -5.69721
    0.998482   -5.70324
    0.998492   -5.70927
    0.998503   -5.71531
    0.998514   -5.72136
    0.998524   -5.72741
    0.998535   -5.73348
    0.998545   -5.73954
    0.998556   -5.74562
    0.998566   -5.75171
    0.998576   -5.75780
    0.998587   -5.76390
    0.998597   -5.77002
    0.998607   -5.77614
    0.998618   -5.78227
    0.998628   -5.78840
    0.998638   -5.79455
    0.998648   -5.80071
    0.998658   -5.80688
    0.998669   -5.81305
    0.998679   -5.81921
    0.998689   -5.82534
    0.998699   -5.83145
    0.998709   -5.83754
    0.998719   -5.84362
    0.998729   -5.84968
    0.998738   -5.85573
    0.998748   -5.86177
    0.998758   -5.86780
    0.998768   -5.87382
    0.998778   -5.87984
    0.998787   -5.88585
    0.998797   -5.89186
    0.998807   -5.89786
    0.998816   -5.90386
    0.998826   -5.90987
    0.998836   -5.91586
    0.998845   -5.92186
    0.998855   -5.92786
    0.998864   -5.93386
    0.998873   -5.93986
    0.998883   -5.94586
    0.998892   -5.95186
    0.998901   -5.95786
    0.998911   -5.96386
    0.998920   -5.96986
    0.998929   -5.97586
    0.998939   -5.98187
    0.998948   -5.98787
    0.998957   -5.99388
    0.998966   -5.99988
    0.998975   -6.00588
    0.998984   -6.01189
    0.998993   -6.01789
    0.999002   -6.02389
    0.999011   -6.02989
    0.999020   -6.03589
    0.999029   -6.04189
    0.999038   -6.04789
    0.999047   -6.05388
    0.999055   -6.05987
    0.999064   -6.06585
    0.999073   -6.07181
    0.999081   -6.07774
    0.999090   -6.08365
    0.999099   -6.08954
    0.999107   -6.09542
    0.999116   -6.10128
    0.999125   -6.10714
    0.999133   -6.11298
    0.999142   -6.11881
    0.999150   -6.12463
    0.999158   -6.13045
    0.999167   -6.13626
    0.999175   -6.14206
    0.999184   -6.14787
    0.999192   -6.15366
    0.999200   -6.15946
    0.999208   -6.16526
    0.999216   -6.17105
    0.999225   -6.17684
    0.999233   -6.18264
    0.999241   -6.18843
    0.999249   -6.19423
    0.999257   -6.20002
    0.999265   -6.20582
    0.999273   -6.21162
    0.999281   -6.21741
    0.999289   -6.22320
    0.999297   -6.22899
    0.999305   -6.23477
    0.999312   -6.24055
    0.999320   -6.24633
    0.999328   -6.25210
    0.999336   -6.25786
    0.999343   -6.26363
    0.999351   -6.26938
    0.999359   -6.27513
    0.999366   -6.28087
    0.999374   -6.28660
    0.999381   -6.29232
    0.999389   -6.29803
    0.999396   -6.30374
    0.999404   -6.30943
    0.999411   -6.31511
    0.999419   -6.32077
    0.999426   -6.32640
    0.999433   -6.33200
    0.999440   -6.33759
    0.999448   -6.34316
    0.999455   -6.34870
    0.999462   -6.35423
    0.999469   -6.35974
    0.999476   -6.36524
    0.999484   -6.37072
    0.999491   -6.37618
    0.999498   -6.38164
    0.999505   -6.38708
    0.999512   -6.39251
    0.999519   -6.39792
    0.999525   -6.40332
    0.999532   -6.40871
    0.999539   -6.41408
    0.999546   -6.41944
    0.999553   -6.42478
    0.999559   -6.43010
    0.999566   -6.43541
    0.999573   -6.44069
    0.999579   -6.44596
    0.999586   -6.45120
    0.999593   -6.45643
    0.999599   -6.46162
    0.999606   -6.46680
    0.999612   -6.47195
    0.999618   -6.47707
    0.999625   -6.48216
    0.999631   -6.48722
    0.999637   -6.49224
    0.999644   -6.49724
    0.999650   -6.50219
    0.999656   -6.50712
    0.999662   -6.51202
    0.999669   -6.51689
    0.999675   -6.52173
    0.999681   -6.52654
    0.999687   -6.53132
    0.999693   -6.53605
    0.999699   -6.54075
    0.999705   -6.54540
    0.999710   -6.55001
    0.999716   -6.55457
    0.999722   -6.55907
    0.999728   -6.56352
    0.999734   -6.56790
    0.999739   -6.57221
    0.999745   -6.57644
    0.999750   -6.58060
    0.999756   -6.58467
    0.999761   -6.58864
    0.999767   -6.59254
    0.999772   -6.59635
    0.999778   -6.60008
    0.999783   -6.60372
    0.999788   -6.60727
    0.999793   -6.61070
    0.999799   -6.61403
    0.999804   -6.61723
    0.999809   -6.62029
    0.999814   -6.62321
    0.999819   -6.62596
    0.999824   -6.62854
    0.999828   -6.63093
    0.999833   -6.63313
    0.999838   -6.63516
    0.999843   -6.63703
    0.999847   -6.63875
    0.999852   -6.64033
    0.999856   -6.64179
    0.999861   -6.64319
    0.999865   -6.64456
    0.999869   -6.64598
    0.999874   -6.64753
    0.999878   -6.64931
    0.999882   -6.65140
    0.999886   -6.65385
    0.999890   -6.65666
    0.999894   -6.65980
    0.999898   -6.66325
    0.999902   -6.66698
    0.999906   -6.67095
    0.999910   -6.67514
    0.999914   -6.67953
    0.999917   -6.68410
    0.999921   -6.68883
    0.999925   -6.69371
    0.999929   -6.69872
    0.999932   -6.70386
    0.999936   -6.70912
    0.999940   -6.71448
    0.999943   -6.71994
    0.999947   -6.72549
    0.999951   -6.73113
    0.999954   -6.73685
    0.999958   -6.74264
    0.999961   -6.74851
    0.999965   -6.75445
    0.999968   -6.76045
    0.999972   -6.76651
    0.999976   -6.77262
    0.999979   -6.77879
    0.999983   -6.78500
    0.999986   -6.79127
    0.999990   -6.79757
    0.999993   -6.80392
    0.999997   -6.81031
     1.00000   -6.80567
     1.00000   -6.80866
     1.00001   -6.81166
     1.00001   -6.81467
     1.00001   -6.81770
     1.00001   -6.82073
     1.00001   -6.82377
     1.00001   -6.82683
     1.00002   -6.82989
     1.00002   -6.83296
     1.00002   -6.83605
     1.00002   -6.83914
     1.00002   -6.84224
     1.00003   -6.84536
     1.00003   -6.84848
     1.00003   -6.85161
     1.00003   -6.85476
     1.00003   -6.85791
     1.00004   -6.86107
     1.00004   -6.86424
     1.00004   -6.86742
     1.00004   -6.87060
     1.00004   -6.87380
     1.00004   -6.87701
     1.00005   -6.88022
     1.00005   -6.88344
     1.00005   -6.88667
     1.00005   -6.88991
     1.00005   -6.89316
     1.00006   -6.89642
     1.00006   -6.89968
     1.00006   -6.90295
     1.00006   -6.90623
     1.00006   -6.90952
     1.00006   -6.91281
     1.00007   -6.91611
     1.00007   -6.91942
     1.00007   -6.92274
     1.00007   -6.92606
     1.00007   -6.92940
     1.00008   -6.93273
     1.00008   -6.93608
     1.00008   -6.93943
     1.00008   -6.94279
     1.00008   -6.94616
     1.00008   -6.94953
     1.00009   -6.95291
     1.00009   -6.95630
     1.00009   -6.95969
     1.00009   -6.96309
     1.00009   -6.96649
     1.00010   -6.96990
     1.00010   -6.97332
     1.00010   -6.97675
     1.00010   -6.98018
     1.00010   -6.98362
     1.00010   -6.98706
     1.00011   -6.99051
     1.00011   -6.99397
     1.00011   -6.99744
     1.00011   -7.00092
     1.00011   -7.00440
     1.00011   -7.00789
     1.00012   -7.01138
     1.00012   -7.01488
     1.00012   -7.01839
     1.00012   -7.02191
     1.00012   -7.02544
     1.00013   -7.02897
     1.00013   -7.03250
     1.00013   -7.03605
     1.00013   -7.03960
     1.00013   -7.04316
     1.00013   -7.04672
     1.00014   -7.05030
     1.00014   -7.05387
     1.00014   -7.05746
     1.00014   -7.06105
     1.00014   -7.06465
     1.00014   -7.06825
     1.00015   -7.07186
     1.00015   -7.07548
     1.00015   -7.07910
     1.00015   -7.08273
     1.00015   -7.08637
     1.00016   -7.09001
     1.00016   -7.09366
     1.00016   -7.09731
     1.00016   -7.10098
     1.00016   -7.10464
     1.00016   -7.10831
     1.00017   -7.11199
     1.00017   -7.11568
     1.00017   -7.11937
     1.00017   -7.12306
     1.00017   -7.12676
     1.00017   -7.13047
     1.00018   -7.13419
     1.00018   -7.13790
     1.00018   -7.14163
     1.00018   -7.14536
     1.00018   -7.14909
     1.00019   -7.15283
     1.00019   -7.15658
     1.00019   -7.16033
     1.00019   -7.16409
     1.00019   -7.16785
     1.00019   -7.17161
     1.00020   -7.17539
     1.00020   -7.17916
     1.00020   -7.18294
     1.00020   -7.18673
     1.00020   -7.19052
     1.00020   -7.19432
     1.00021   -7.19812
     1.00021   -7.20192
     1.00021   -7.20574
     1.00021   -7.20955
     1.00021   -7.21337
     1.00022   -7.21719
     1.00022   -7.22102
     1.00022   -7.22485
     1.00022   -7.22869
     1.00022   -7.23253
     1.00022   -7.23638
     1.00023   -7.24023
     1.00023   -7.24408
     1.00023   -7.24794
     1.00023   -7.25180
     1.00023   -7.25567
     1.00023   -7.25954
     1.00024   -7.26341
     1.00024   -7.26729
     1.00024   -7.27117
     1.00024   -7.27505
     1.00024   -7.27894
     1.00025   -7.28283
     1.00025   -7.28673
     1.00025   -7.29063
     1.00025   -7.29453
     1.00025   -7.29844
     1.00025   -7.30234
     1.00026   -7.30626
     1.00026   -7.31017
     1.00026   -7.31409
     1.00026   -7.31801
     1.00026   -7.32194
     1.00026   -7.32586
     1.00027   -7.32979
     1.00027   -7.33373
     1.00027   -7.33766
     1.00027   -7.34160
     1.00027   -7.34554
     1.00027   -7.34949
     1.00028   -7.35344
     1.00028   -7.35739
     1.00028   -7.36134
     1.00028   -7.36529
     1.00028   -7.36925
     1.00029   -7.37321
     1.00029   -7.37717
     1.00029   -7.38113
     1.00029   -7.38510
     1.00029   -7.38907
     1.00029   -7.39304
     1.00030   -7.39701
     1.00030   -7.40099
     1.00030   -7.40496
     1.00030   -7.40894
     1.00030   -7.41292
     1.00030   -7.41691
     1.00031   -7.42089
     1.00031   -7.42488
     1.00031   -7.42886
     1.00031   -7.43285
     1.00031   -7.43685
     1.00031   -7.44084
     1.00032   -7.44483
     1.00032   -7.44883
     1.00032   -7.45283
     1.00032   -7.45683
     1.00032   -7.46083
     1.00032   -7.46483
     1.00033   -7.46883
     1.00033   -7.47284
     1.00033   -7.47684
     1.00033   -7.48085
     1.00033   -7.48486
     1.00033   -7.48887
     1.00034   -7.49288
     1.00034   -7.49689
     1.00034   -7.50090
     1.00034   -7.50492
     1.00034   -7.50893
     1.00035   -7.51295
     1.00035   -7.51696
     1.00035   -7.52098
     1.00035   -7.52500
     1.00035   -7.52902
     1.00035   -7.53304
     1.00036   -7.53706
     1.00036   -7.54108
     1.00036   -7.54510
     1.00036   -7.54913
     1.00036   -7.55315
     1.00036   -7.55718
     1.00037   -7.56120
     1.00037   -7.56523
     1.00037   -7.56925
     1.00037   -7.57328
     1.00037   -7.57730
     1.00037   -7.58133
     1.00038   -7.58536
     1.00038   -7.58939
     1.00038   -7.59342
     1.00038   -7.59745
     1.00038   -7.60148
     1.00038   -7.60551
     1.00039   -7.60954
     1.00039   -7.61357
     1.00039   -7.61761
     1.00039   -7.62164
     1.00039   -7.62567
     1.00039   -7.62971
     1.00040   -7.63374
     1.00040   -7.63777
     1.00040   -7.64181
     1.00040   -7.64584
     1.00040   -7.64988
     1.00040   -7.65391
     1.00041   -7.65795
     1.00041   -7.66199
     1.00041   -7.66602
     1.00041   -7.67006
     1.00041   -7.67410
     1.00042   -7.67813
     1.00042   -7.68217
     1.00042   -7.68621
     1.00042   -7.69025
     1.00042   -7.69428
     1.00042   -7.69832
     1.00043   -7.70236
     1.00043   -7.70640
     1.00043   -7.71044
     1.00043   -7.71447
     1.00043   -7.71851
     1.00043   -7.72255
     1.00044   -7.72659
     1.00044   -7.73063
     1.00044   -7.73467
     1.00044   -7.73871
     1.00044   -7.74274
     1.00044   -7.74678
     1.00045   -7.75082
     1.00045   -7.75486
     1.00045   -7.75890
     1.00045   -7.76294
     1.00045   -7.76698
     1.00045   -7.77102
     1.00046   -7.77505
     1.00046   -7.77909
     1.00046   -7.78313
     1.00046   -7.78717
     1.00046   -7.79121
     1.00046   -7.79525
     1.00047   -7.79928
     1.00047   -7.80332
     1.00047   -7.80736
     1.00047   -7.81140
     1.00047   -7.81544
     1.00047   -7.81947
     1.00048   -7.82351
     1.00048   -7.82755
     1.00048   -7.83159
     1.00048   -7.83562
     1.00048   -7.83966
     1.00048   -7.84370
     1.00049   -7.84773
     1.00049   -7.85177
     1.00049   -7.85581
     1.00049   -7.85984
     1.00049   -7.86388
     1.00049   -7.86792
     1.00050   -7.87195
     1.00050   -7.87599
     1.00050   -7.88002
     1.00050   -7.88406
     1.00050   -7.88809
     1.00050   -7.89213
     1.00051   -7.89616
     1.00051   -7.90020
     1.00051   -7.90423
     1.00051   -7.90827
     1.00051   -7.91230
     1.00051   -7.91633
     1.00052   -7.92037
     1.00052   -7.92440
     1.00052   -7.92843
     1.00052   -7.93247
     1.00052   -7.93650
     1.00052   -7.94053
     1.00053   -7.94456
     1.00053   -7.94860
     1.00053   -7.95263
     1.00053   -7.95666
     1.00053   -7.96069
     1.00053   -7.96472
     1.00054   -7.96875
     1.00054   -7.97279
     1.00054   -7.97682
     1.00054   -7.98085
     1.00054   -7.98488
     1.00054   -7.98891
     1.00055   -7.99294
     1.00055   -7.99697
     1.00055   -8.00100
     1.00055   -8.00503
     1.00055   -8.00906
     1.00055   -8.01309
     1.00056   -8.01711
     1.00056   -8.02114
     1.00056   -8.02517
     1.00056   -8.02920
     1.00056   -8.03323
     1.00056   -8.03726
     1.00057   -8.04128
     1.00057   -8.04531
     1.00057   -8.04934
     1.00057   -8.05337
     1.00057   -8.05739
     1.00057   -8.06142
     1.00058   -8.06545
     1.00058   -8.06947
     1.00058   -8.07350
     1.00058   -8.07753
     1.00058   -8.08155
     1.00058   -8.08558
     1.00059   -8.08960
     1.00059   -8.09363
     1.00059   -8.09766
     1.00059   -8.10168
     1.00059   -8.10571
     1.00059   -8.10973
     1.00060   -8.11376
     1.00060   -8.11779
     1.00060   -8.12181
     1.00060   -8.12584
     1.00060   -8.12986
     1.00060   -8.13389
     1.00061   -8.13792
     1.00061   -8.14194
     1.00061   -8.14597
     1.00061   -8.15000
     1.00061   -8.15403
     1.00061   -8.15805
     1.00062   -8.16208
     1.00062   -8.16611
     1.00062   -8.17013
     1.00062   -8.17416
     1.00062   -8.17819
     1.00062   -8.18222
     1.00063   -8.18625
     1.00063   -8.19028
     1.00063   -8.19430
     1.00063   -8.19833
     1.00063   -8.20236
     1.00063   -8.20639
     1.00064   -8.21042
     1.00064   -8.21445
     1.00064   -8.21848
     1.00064   -8.22251
     1.00064   -8.22654
     1.00064   -8.23057
     1.00065   -8.23460
     1.00065   -8.23864
     1.00065   -8.24267
     1.00065   -8.24670
     1.00065   -8.25073
     1.00065   -8.25476
     1.00066   -8.25880
     1.00066   -8.26283
     1.00066   -8.26686
     1.00066   -8.27090
     1.00066   -8.27493
     1.00066   -8.27897
     1.00067   -8.28300
     1.00067   -8.28704
     1.00067   -8.29107
     1.00067   -8.29511
     1.00067   -8.29915
     1.00067   -8.30318
     1.00068   -8.30722
     1.00068   -8.31126
     1.00068   -8.31530
     1.00068   -8.31934
     1.00068   -8.32338
     1.00068   -8.32742
     1.00069   -8.33146
     1.00069   -8.33550
     1.00069   -8.33954
     1.00069   -8.34358
     1.00069   -8.34762
     1.00070   -8.35167
     1.00070   -8.35571
     1.00070   -8.35975
     1.00070   -8.36380
     1.00070   -8.36784
     1.00070   -8.37189
     1.00071   -8.37594
     1.00071   -8.37998
     1.00071   -8.38403
     1.00071   -8.38808
     1.00071   -8.39213
     1.00071   -8.39618
     1.00072   -8.40023
     1.00072   -8.40428
     1.00072   -8.40833
     1.00072   -8.41238
     1.00072   -8.41644
     1.00072   -8.42049
     1.00073   -8.42455
     1.00073   -8.42860
     1.00073   -8.43266
     1.00073   -8.43671
     1.00073   -8.44077
     1.00073   -8.44483
     1.00074   -8.44889
     1.00074   -8.45295
     1.00074   -8.45701
     1.00074   -8.46107
     1.00074   -8.46513
     1.00074   -8.46919
     1.00075   -8.47326
     1.00075   -8.47732
     1.00075   -8.48139
     1.00075   -8.48546
     1.00075   -8.48952
     1.00075   -8.49359
     1.00076   -8.49766
     1.00076   -8.50173
     1.00076   -8.50580
     1.00076   -8.50988
     1.00076   -8.51395
     1.00076   -8.51802
     1.00077   -8.52210
     1.00077   -8.52617
     1.00077   -8.53025
     1.00077   -8.53433
     1.00077   -8.53841
     1.00077   -8.54249
     1.00078   -8.54657
     1.00078   -8.55065
     1.00078   -8.55474
     1.00078   -8.55882
     1.00078   -8.56291
     1.00078   -8.56700
     1.00079   -8.57108
     1.00079   -8.57518
     1.00079   -8.57927
     1.00079   -8.58336
     1.00079   -8.58745
     1.00079   -8.59155
     1.00080   -8.59564
     1.00080   -8.59974
     1.00080   -8.60384
     1.00080   -8.60794
     1.00080   -8.61204
     1.00080   -8.61614
     1.00081   -8.62025
     1.00081   -8.62435
     1.00081   -8.62846
     1.00081   -8.63257
     1.00081   -8.63668
     1.00081   -8.64080
     1.00082   -8.64491
     1.00082   -8.64903
     1.00082   -8.65315
     1.00082   -8.65727
     1.00082   -8.66139
     1.00082   -8.66551
     1.00083   -8.66964
     1.00083   -8.67376
     1.00083   -8.67789
     1.00083   -8.68202
     1.00083   -8.68616
     1.00084   -8.69029
     1.00084   -8.69443
     1.00084   -8.69857
     1.00084   -8.70271
     1.00084   -8.70685
     1.00084   -8.71099
     1.00085   -8.71514
     1.00085   -8.71929
     1.00085   -8.72344
     1.00085   -8.72759
     1.00085   -8.73174
     1.00085   -8.73590
     1.00086   -8.74006
     1.00086   -8.74422
     1.00086   -8.74839
     1.00086   -8.75255
     1.00086   -8.75672
     1.00086   -8.76089
     1.00087   -8.76506
     1.00087   -8.76924
     1.00087   -8.77341
     1.00087   -8.77759
     1.00087   -8.78178
     1.00087   -8.78596
     1.00088   -8.79015
     1.00088   -8.79434
     1.00088   -8.79853
     1.00088   -8.80272
     1.00088   -8.80692
     1.00089   -8.81112
     1.00089   -8.81532
     1.00089   -8.81953
     1.00089   -8.82374
     1.00089   -8.82795
     1.00089   -8.83216
     1.00090   -8.83638
     1.00090   -8.84059
     1.00090   -8.84482
     1.00090   -8.84904
     1.00090   -8.85327
     1.00090   -8.85750
     1.00091   -8.86173
     1.00091   -8.86597
     1.00091   -8.87021
     1.00091   -8.87445
     1.00091   -8.87869
     1.00091   -8.88294
     1.00092   -8.88719
     1.00092   -8.89145
     1.00092   -8.89571
     1.00092   -8.89997
     1.00092   -8.90423
     1.00093   -8.90850
     1.00093   -8.91277
     1.00093   -8.91705
     1.00093   -8.92132
     1.00093   -8.92561
     1.00093   -8.92989
     1.00094   -8.93418
     1.00094   -8.93847
     1.00094   -8.94277
     1.00094   -8.94707
     1.00094   -8.95137
     1.00094   -8.95568
     1.00095   -8.95999
     1.00095   -8.96430
     1.00095   -8.96862
     1.00095   -8.97294
     1.00095   -8.97727
     1.00096   -8.98160
     1.00096   -8.98593
     1.00096   -8.99027
     1.00096   -8.99461
     1.00096   -8.99896
     1.00096   -9.00331
     1.00097   -9.00766
     1.00097   -9.01202
     1.00097   -9.01638
     1.00097   -9.02075
     1.00097   -9.02512
     1.00098   -9.02950
     1.00098   -9.03388
     1.00098   -9.03827
     1.00098   -9.04266
     1.00098   -9.04705
     1.00098   -9.05145
     1.00099   -9.05585
     1.00099   -9.06026
     1.00099   -9.06468
     1.00099   -9.06909
     1.00099   -9.07352
     1.00100   -9.07795
     1.00100   -9.08238
     1.00100   -9.08682
     1.00100   -9.09126
     1.00100   -9.09571
     1.00100   -9.10017
     1.00101   -9.10463
     1.00101   -9.10909
     1.00101   -9.11356
     1.00101   -9.11804
     1.00101   -9.12252
     1.00102   -9.12701
     1.00102   -9.13151
     1.00102   -9.13601
     1.00102   -9.14051
     1.00102   -9.14502
     1.00103   -9.14954
     1.00103   -9.15407
     1.00103   -9.15860
     1.00103   -9.16313
     1.00103   -9.16768
     1.00103   -9.17222
     1.00104   -9.17678
     1.00104   -9.18134
     1.00104   -9.18591
     1.00104   -9.19049
     1.00104   -9.19507
     1.00105   -9.19966
     1.00105   -9.20426
     1.00105   -9.20886
     1.00105   -9.21347
     1.00105   -9.21809
     1.00106   -9.22271
     1.00106   -9.22735
     1.00106   -9.23199
     1.00106   -9.23664
     1.00106   -9.24129
     1.00107   -9.24595
     1.00107   -9.25063
     1.00107   -9.25531
     1.00107   -9.25999
     1.00107   -9.26469
     1.00107   -9.26939
     1.00108   -9.27411
     1.00108   -9.27883
     1.00108   -9.28356
     1.00108   -9.28829
     1.00108   -9.29304
     1.00109   -9.29780
     1.00109   -9.30256
     1.00109   -9.30734
     1.00109   -9.31212
     1.00109   -9.31691
     1.00110   -9.32172
     1.00110   -9.32653
     1.00110   -9.33135
     1.00110   -9.33618
     1.00110   -9.34103
     1.00111   -9.34588
     1.00111   -9.35074
     1.00111   -9.35562
     1.00111   -9.36050
     1.00111   -9.36539
     1.00112   -9.37030
     1.00112   -9.37522
     1.00112   -9.38015
     1.00112   -9.38509
     1.00112   -9.39004
     1.00113   -9.39500
     1.00113   -9.39998
     1.00113   -9.40496
     1.00113   -9.40996
     1.00113   -9.41497
     1.00114   -9.42000
     1.00114   -9.42504
     1.00114   -9.43009
     1.00114   -9.43515
     1.00115   -9.44023
     1.00115   -9.44532
     1.00115   -9.45042
     1.00115   -9.45554
     1.00115   -9.46067
     1.00116   -9.46582
     1.00116   -9.47098
     1.00116   -9.47615
     1.00116   -9.48135
     1.00116   -9.48655
     1.00117   -9.49177
     1.00117   -9.49701
     1.00117   -9.50227
     1.00117   -9.50754
     1.00118   -9.51282
     1.00118   -9.51813
     1.00118   -9.52345
     1.00118   -9.52879
     1.00118   -9.53414
     1.00119   -9.53951
     1.00119   -9.54491
     1.00119   -9.55032
     1.00119   -9.55575
     1.00120   -9.56120
     1.00120   -9.56666
     1.00120   -9.57215
     1.00120   -9.57766
     1.00120   -9.58319
     1.00121   -9.58874
     1.00121   -9.59431
     1.00121   -9.59990
     1.00121   -9.60551
     1.00122   -9.61115
     1.00122   -9.61680
     1.00122   -9.62248
     1.00122   -9.62819
     1.00123   -9.63391
     1.00123   -9.63966
     1.00123   -9.64544
     1.00123   -9.65124
     1.00124   -9.65706
     1.00124   -9.66291
     1.00124   -9.66879
     1.00124   -9.67469
     1.00125   -9.68062
     1.00125   -9.68658
     1.00125   -9.69257
     1.00125   -9.69858
     1.00126   -9.70463
     1.00126   -9.71070
     1.00126   -9.71681
     1.00126   -9.72295
     1.00127   -9.72911
     1.00127   -9.73531
     1.00127   -9.74155
     1.00127   -9.74782
     1.00128   -9.75412
     1.00128   -9.76046
     1.00128   -9.76683
     1.00128   -9.77324
     1.00129   -9.77969
     1.00129   -9.78618
     1.00129   -9.79270
     1.00129   -9.79927
     1.00130   -9.80588
     1.00130   -9.81253
     1.00130   -9.81922
     1.00131   -9.82596
     1.00131   -9.83274
     1.00131   -9.83957
     1.00131   -9.84644
     1.00132   -9.85337
     1.00132   -9.86034
     1.00132   -9.86737
     1.00133   -9.87444
     1.00133   -9.88157
     1.00133   -9.88876
     1.00133   -9.89600
     1.00134   -9.90330
     1.00134   -9.91065
     1.00134   -9.91807
     1.00135   -9.92555
     1.00135   -9.93310
     1.00135   -9.94071

     R/R_sun  log(N_e/N_A)