0.9984461422656119,0.0005068185846112832,0.0010470391497759705
0.9938918624541132,0.002002403933393857,0.004105733612491448
0.9866515660900064,0.0044131780675517275,0.00893525584244025
0.9772248680164438,0.007619932788721778,0.01515519919483225
0.9662617884661804,0.011462882119327139,0.022275329414490015
0.9545174744283764,0.01574856860735906,0.029733956964261628
0.9427996027880302,0.02025844214170297,0.036941955070263134
0.9319121315605768,0.02475886113916481,0.04332900730025402
0.9225993196219262,0.029012189931330715,0.04838849044673828
0.9154939159533282,0.032788586561291605,0.05171749748537514
0.9110731279801945,0.035877997779023396,0.05304887424077632
0.9096254354724711,0.038101810280835056,0.05227275424668735
0.9112305596407119,0.039323557683042173,0.04944588267623917
0.915753979363536,0.03945806002970438,0.044787960606752
0.9228563719883919,0.03847838467617746,0.03866524333542257
0.9320173156644213,0.036420070227008085,0.0315626141085619
0.942571596289981,0.03338215218334769,0.024046251526661927
0.9537555842052211,0.029524669966577235,0.016719745828192002
0.964760444931994,0.025062516011076702,0.01017703905691914
0.9747884733723311,0.02025570059270367,0.00495582603495438
0.9831086249465161,0.015396339105706203,0.001495035947766646
0.9891073751186454,0.010792906554593865,0.00009971832674874421
0.9923313664364686,0.006752529801145868,0.00091610376237318
0.9925188765990548,0.0035622833449179374,0.003918840056014128
0.9896179219536942,0.001470601347676363,0.00891147669861546
0.9837897436196309,0.0006700014873309077,0.015540254893024429
0.9753974429820856,0.001282322804186476,0.023320234213713254
0.9649805684261266,0.0033476025633345373,0.03167182901052384
0.9532174336780985,0.0068175547178179075,0.03996501160406795
0.9408778017870157,0.011554369672948582,0.047567828540019425
0.9287692381642408,0.01733524313757838,0.05389551869816442
0.9176808746650136,0.023862678472905283,0.058456446862064325
0.9083285040395107,0.03078021490870639,0.06089128105176471
0.9013048280539762,0.03769283990114857,0.06100233204485681
0.8970383201168434,0.04419097637568193,0.05877070350745594
0.8957635598556819,0.049876623184716376,0.05435981695958221
0.8975050950777429,0.05438999609612523,0.048104908826111854
0.902075942026293,0.0574348888764131,0.04048916909727366
0.9090908138199981,0.05880096504713587,0.03210822113284502
0.9179931407074605,0.05838130827411024,0.023625551018407732
0.9280939858490304,0.056183801763996385,0.01572221238695123
0.9386201336154719,0.052335263834991964,0.009044602549513434
0.9487679913659908,0.04707771831619469,0.004154290317790871
0.9577595444686854,0.040756696912283466,0.001483758619006972
0.964896465656372,0.03380202209004396,0.0013015122535593618
0.96960861302759,0.026702065217128822,0.0036893217552565706
0.9714935464890149,0.01997297594597217,0.00853347756498755
0.9703443222937159,0.01412479692025784,0.015530880786000472
0.9661636453506405,0.009626678825650907,0.02420967582368188
0.9591634117505681,0.006873567664020055,0.03396302058538493
0.9497496928762417,0.006156731274168675,0.04409357584956218
0.938494226420407,0.007640318949352341,0.053865454630212375
0.9260944179505245,0.011345811887640396,0.06255977016180608
0.913324654033597,0.017145740608742892,0.06952960535763031
0.9009823289920361,0.024767447118486614,0.07425022388944752
0.8898323504963164,0.03380699286115895,0.07636065664249407
0.8805539894598833,0.04375260391668873,0.07569340662339728
0.8736937705021344,0.05401635214319947,0.07228987735463467
0.8696276728008688,0.06397214534818775,0.06640018185091184
0.8685352575975901,0.07299758839554206,0.05846715400683556
0.8703875038651704,0.0805169211504396,0.049095574984356995
0.8749491761718664,0.08604206928407443,0.03900875454402577
0.8817955355109602,0.08920887878829561,0.028995585700709738
0.8903422055180277,0.08980584902395419,0.019851945457983734
0.8998860926116491,0.08779312174050433,0.012320785647811581
0.9096544927004728,0.08331009958103039,0.007035407718461226
0.9188589523007458,0.07667081863104985,0.00447022906816792
0.926750127189174,0.06834703613746952,0.0049028366733194365
0.9326698192542286,0.05893985946599101,0.008390321279743172
0.9360965758596392,0.0491415747302865,0.014761849410036602
0.9366816910966423,0.039690072859870765,0.023628236043448603
0.9342731225806471,0.03131886160973472,0.034408015809578925
0.928925683533841,0.02470604763626341,0.046368268829856105
0.9208968284984412,0.020425839428705322,0.058677332072812935
0.910628355137654,0.018906041230206547,0.07046560363209887
0.8987153241608006,0.020394678984693902,0.08088999685446421
0.8858643862725618,0.02493833847923138,0.08919727524816512
0.8728444376159535,0.03237403696900857,0.09478152541499578
0.8604330527637821,0.04233554152969853,0.09723140570647651
0.8493624306170944,0.05427405101802811,0.09636351836483396
0.8402686141884883,0.06749214258692998,0.09223924322453757
0.8336475089880417,0.08118892011337635,0.08516357089853731
0.829820743642701,0.0945134606433669,0.075665795713887
0.8289137245384285,0.10662299901550272,0.06446327644602345
0.8308473823514835,0.11674187145615272,0.05241074619231739
0.8353441521813406,0.12421709172603626,0.04043875609257622
0.8419477374387122,0.1285665753063703,0.02948568725487034
0.850055249808119,0.1295164548328188,0.02042829535901479
0.858959460103014,0.12702461969735054,0.014015920199587487
0.8678981971158158,0.12128852134514163,0.010813281538993934
0.8761074418057909,0.11273635357820261,0.011156204615956922
0.8828744159281682,0.1020018717070861,0.015123712364695532
0.8875869741414986,0.08988427543330646,0.02252875042514451
0.8897758753664077,0.07729566544155912,0.032928459191982215
0.8891470134563055,0.06519951401393609,0.045653472529706904
0.8856013933358887,0.05454429609294755,0.059854310571111215
0.8792414969690154,0.046196854194598555,0.07456164883633354
0.8703636336797458,0.040880182257719305,0.0887561840624818
0.8594368450824409,0.0391200955067312,0.10144305941077432
0.847069868197486,0.041204714519946,0.11172541728251383
0.8339684864070883,0.047159863809932076,0.11887164978292446
0.8208862595612173,0.05674242145203449,0.12237131898669283
0.8085720762145082,0.06945242761616198,0.12197549616927371
0.7977181818494511,0.08456345037463975,0.11771836777585225
0.7889122930649246,0.10116940835927793,0.10991829857574036
0.7825971129021055,0.11824485418722708,0.09915803291060958
0.7790400380173574,0.1347147169226379,0.08624524505994666
0.77831513148929,0.14952876112728616,0.0721561073833652
0.7802985761383434,0.16173560172865542,0.05796582213294185
0.7846778825395858,0.17055105353903022,0.04477106392132391
0.7909741691195832,0.17541590249407799,0.03360992838627868
0.7985759254520004,0.17603884719470658,0.025385227353232356
0.8067818769766455,0.17242133336985913,0.020796789653433928
0.8148499446402666,0.16486222671730724,0.020287828642364038
0.8220488792868219,0.1539416587110497,0.024009462002065694
0.8277089760755204,0.14048483963305428,0.03180618429136214
0.8312683501076786,0.1255080609053408,0.04322358898691638
0.8323115746682535,0.11015040292804383,0.057538022403638645
0.8305980249269794,0.09559573105455293,0.07380624401840259
0.8260779941821542,0.08299032168969847,0.09093168412808197
0.8188955057719225,0.07336185395827367,0.10774264026973819
0.809377671640265,0.06754549620235466,0.12307683215731406
0.7980113834664083,0.06612240483894963,0.1358662116945751
0.7854089992274566,0.06937515868706981,0.1452158420854063
0.7722654463163909,0.07726352514835742,0.15047102853518354
0.7593097496102984,0.08942257038199,0.15126768000764323
0.7472543689933336,0.1051835780752234,0.14756205293137378
0.736745870434143,0.12361663782664922,0.13963749173913811
0.7283203489911795,0.14359221736955602,0.1280874336391943
0.7223666793526312,0.1638576533509032,0.11377566729639471
0.7191001144420711,0.18312338337532963,0.09777650218252827
0.7185480246292353,0.20015298021755376,0.08129899515313904
0.7205487204374033,0.2138506965224058,0.0656005830401183
0.7247633898465823,0.22334031576247773,0.0518962943908668
0.7307002709486243,0.22802963272021734,0.04127009633108503
0.737749335051166,0.22765582307999402,0.03459484186876595
0.7452250328349026,0.22230824617925948,0.032466720985763454
0.7524141065232806,0.21242677135675647,0.035159122119887865
0.7586251316902523,0.19877542066334464,0.042599447646327344
0.763236346001702,0.18239286048312686,0.054370793515095044
0.7657384552678292,0.16452292911651703,0.06973861561557705
0.7657694694213661,0.14652983829103283,0.0877006922875234
0.7631391862995496,0.1298038284612008,0.10705698523917145
0.7578416692740201,0.11566380575191364,0.12649452497398767
0.7500549045781514,0.10526378444710667,0.14468131097466308
0.7401277168348153,0.09950977629316157,0.1603625068719433
0.7285549045860782,0.0989931134480267,0.17245198196581493
0.7159423702975038,0.10394510607918094,0.1801125236232348
0.7029647052604113,0.11421648990702814,0.18281880483247934
0.690318202010217,0.12928341131627813,0.1803983866734235
0.6786725705609631,0.14827984570288136,0.17304758373607354
0.6686247098096789,0.17005447783344746,0.16132081235679072
0.6606577277383785,0.19324832313314394,0.1460939491283939
0.6551080255681717,0.21638786123328466,0.12850411319845975
0.6521426890952533,0.23798729736219268,0.10987001354246943
0.6517487056586513,0.2566528491645866,0.09159844517667713
0.6537346985639614,0.27118173217718683,0.07508356925876593
0.6577450001455994,0.2806488080291152,0.06160619182519914
0.6632850305957747,0.28447465077161904,0.05224031863251955
0.6697561713725202,0.28247002824331646,0.04777380038407599
0.6764976730259641,0.27485340425198723,0.04864892272196106
0.6828326620108954,0.2622399338605901,0.054927404128426255
0.6881150415714841,0.24560241899390625,0.06628253943452096
0.6917740357356421,0.22620667520945997,0.08201928905480876
0.6933533049001513,0.20552559235502885,0.10112110274472941
0.6925419528278779,0.18513772075061352,0.12232032642141799
0.689195319896829,0.16661736790335382,0.14418731219972572
0.6833441753262701,0.1514238628255858,0.16523196184805217
0.6751917313568875,0.1407977831933233,0.18401048544969723
0.6650987483429589,0.13567152952628564,0.19922972213066284
0.6535578226130379,0.1366006936920209,0.20984148369484779
0.6411586918804526,0.14372126720625883,0.21512004091319484
0.6285470048952392,0.15673596242977952,0.214717032674887
0.6163794412482512,0.1749308984451832,0.20868966030647063
0.6052783042860043,0.19722177357558943,0.19749992213831058
0.5957887296692622,0.22222655769860492,0.18198471263203644
0.588341454060241,0.2483598378041475,0.1632987081355147
0.5832236876863309,0.27394237579840813,0.1428339365151635
0.5805600599916273,0.2973183028257489,0.1221216371825259
0.5803049000181775,0.3169717638038254,0.10272333617789894
0.5822463223008766,0.3316347875968659,0.08611889010215829
0.5860217701393277,0.34037870039563173,0.07359952946494112
0.59114387797216,0.3426824895424718,0.06617363248526788
0.5970348077403718,0.3384730903002291,0.06449210195929829
0.6030666390125109,0.3281345026604465,0.06879885832694142
0.6086049882695748,0.31248481586099386,0.07891019586932962
0.6130528260720753,0.2927224735659174,0.09422470036190488
0.6158914649649455,0.270345294024075,0.11376324101087663
0.6167159043581055,0.2470477121470799,0.13623638349471112
0.6152621252165733,0.22460329431707526,0.16013458046624754
0.6114244979002049,0.20474067668504425,0.18383482541464613
0.6052621604444476,0.189021611807813,0.20571622774763415
0.5969939932210391,0.17872973406498585,0.22427627271386935
0.5869826056508485,0.17477797143560805,0.23823942291343736
0.5757085067348524,0.17764128296976217,0.24665021029527867
0.5637363015755864,0.18731967108396494,0.24894402734034113
0.5516752949936452,0.20333432384765746,0.2449903811585895
0.5401372544069358,0.22475742962549533,0.23510531596746062
0.529694262781546,0.2502738363860651,0.22003190083228005
0.5208395675970369,0.27827046764457497,0.2008899647582784
0.5139541064487714,0.30694741694169864,0.17909847660942016
0.5092809810258325,0.3344430657251406,0.15627595324891666
0.5069095882143205,0.35896452019178754,0.13412589159378038
0.5067704398932227,0.3789142193640316,0.1143153407426342
0.5086409591391652,0.3930037654882065,0.09835527537251589
0.5121617818443717,0.40034685971860035,0.08749135843691537
0.5168623716514285,0.40052463713085495,0.08261299121760336
0.5221941221302417,0.39361859017789264,0.08418728769175148
0.5275686164138248,0.38020851860683497,0.09222286497922556
0.5323983749166569,0.3613353904470197,0.10626623463620836
0.5361372685605933,0.3384314716590381,0.12543125978025296
0.5383178173774615,0.31322240696363096,0.14845977565879145
0.5385828281272033,0.287607945977072,0.17380922589560804
0.5367092321728918,0.26352956272857403,0.1997612050984167
0.532622536933204,0.24283419987431393,0.22454326319236428
0.5264009616779882,0.22714370791797034,0.24645533040392298
0.5182690451558535,0.21773921595979226,0.26399173888423527
0.508581238710599,0.2154686827247275,0.275950078564554
0.4977966840449654,0.22068430000706746,0.28151901594784695
0.4864469726958859,0.2332143624181934,0.2803386648858
0.47509915406214154,0.25237181941444214,0.2725290265232951
0.46431656908085034,0.27699915496837374,0.25868427595065424
0.4546202172266208,0.3055466772271471,0.23983310554610962
0.44645330778839737,0.3361789260598938,0.21736776615158593
0.440151407707224,0.36690188941157764,0.19294670288107502
0.43592019547077,0.39570220460847777,0.16837759992062828
0.43382229265525885,0.42068861843599764,0.14548908890861886
0.43377400975662356,0.4402257576303998,0.12600023261285162
0.4355521554088042,0.45305073948802077,0.11139710510304911
0.4388103656618246,0.45836430136180334,0.10282533297624596
0.4431037603462024,0.4558898710693648,0.10100636858430605
0.44792017101372505,0.44589621840390853,0.10618361058223923
0.45271574748810206,0.42918186745300935,0.11810238505876076
0.456952466736439,0.40702213306604945,0.13602540019738296
0.46013495679471605,0.3810822840671863,0.15878275913796872
0.461844116052889,0.3533027441606214,0.18485313978635998
0.4617652482078279,0.3257642475575663,0.21247050423447575
0.4597088277004299,0.3005423261809385,0.2397488461185008
0.4556225310794376,0.2795613125933018,0.2648161563271293
0.44959377966608477,0.2644581367098896,0.2859480836238939
0.4418426955033237,0.256465564079123,0.30169174041742075
0.4327060303951216,0.25632320928552066,0.3109707603192248
0.4226132417264982,0.26422274862847955,0.3131640096448889
0.4120564169662063,0.2797913829621232,0.3081522000715367
0.40155615580773985,0.30211492925406946,0.29632891493805613
0.3916257779452985,0.3297991348905395,0.2785750871640267
0.38273631905378924,0.3610651078480224,0.25619857309805233
0.37528470262009833,0.3938723295820958,0.2308429677976694
0.3695672375013665,0.42606073853375975,0.20437202396473697
0.3657602082174483,0.4555019825709333,0.17873780921148097
0.3639088245530661,0.48024923968617006,0.15584193576062577
0.3639252143903818,0.4986750508725175,0.1373997347369622
0.36559551945744606,0.5095873981080493,0.12481708243436537
0.3685955309757955,0.5123157420607435,0.11908872696332118
0.3725137236209019,0.5067608075857457,0.12072546879321194
0.3768800509485492,0.49340442713473553,0.12971552191657457
0.3811984865858539,0.473278547243571,0.1455229661704336
0.3849810578523539,0.44789537555231107,0.16712356659519315
0.38778103697509964,0.4191433931416565,0.1930755698831012
0.3892230337776338,0.3891563849444132,0.22162058127780976
0.38902796574652676,0.36016457678094277,0.2508074574723868
0.38703124938377886,0.3343382722267649,0.27863047838931204
0.38319303429249657,0.313634960959306,0.3031720047480526
0.37759985484502434,0.29966067814615954,0.3227394670086711
0.37045766503190375,0.2935554416873572,0.335986893280593
0.3620768095069812,0.29591094428806947,0.342012246204803
0.35285002788962755,0.30672644348542594,0.34042352862479924
0.3432250533858278,0.32540612969064037,0.33136881692338405
0.33367371991438305,0.3507983458444295,0.31552793424103914
0.32465971121714765,0.38127408625857045,0.2940662025241332
0.31660715730679057,0.41483942418636793,0.26855341850669223
0.3098722046651999,0.44927410427136183,0.24085369106328852
0.30471946376851733,0.4822866590625604,0.21299387716877197
0.30130488743059325,0.5116752029649779,0.18701990960427764
0.29966618126475075,0.5354826102710171,0.16485120846408058
0.2997213250892545,0.5521351310722251,0.14814354383836834
0.30127522760996217,0.5605546188130716,0.13817015357681378
0.3040339843970312,0.5602363603359505,0.13572965526686495
0.3076256985212907,0.5512868883063703,0.14108741317218537
0.31162638848163005,0.5344189508501654,0.15395466066804997
0.3155891779513259,0.5109038187141014,0.17350700333441796
0.3190747576868363,0.4824841152556903,0.198441127057318
0.32168104417633975,0.4512531472329135,0.22706580859059078
0.3230700352183916,0.4195090969772216,0.25742086780423
0.32299007294595283,0.38959423950644206,0.287415687547448
0.3212920541135886,0.36373044209255095,0.31497750379370265
0.3179385521238894,0.34386250886953007,0.33819893900642234
0.31300530546138483,0.3315204247046016,0.3554742698338548
0.3066750490103059,0.3277102634945009,0.3656146874950335
0.2992241824852208,0.3328415442011947,0.36793427331342443
0.29100324891732426,0.3466962804131754,0.3623004706693396
0.28241260387967326,0.36844205281013426,0.3491453433100313
0.2738749661430311,0.3966883427913921,0.32943669106541507
0.2658067328935487,0.42958231693761384,0.3046109501686751
0.25859000586223174,0.46493746092903,0.27647253320857523
0.2525472059278281,0.5003861256665054,0.24706666840550312
0.24791995912489978,0.53354533385971,0.21853470701522595
0.24485363110277458,0.5621842252467263,0.19296214365033454
0.24338849185593503,0.5843813638179844,0.17223014432591524
0.24345803565994173,0.5986608046118174,0.15788115972807493
0.24489449409679295,0.6040972761043696,0.15100822979867098
0.24744109598620262,0.6003829767590894,0.15217592725454107
0.2507701794917046,0.5878511621956907,0.16137865831243717
0.25450587839165,0.5674547257160032,0.1780393958921789
0.25824981148066845,0.5407011374517348,0.20104905106742818
0.2616080199068852,0.5095481837575598,0.2288437963353858
0.26421733301305766,0.47626772161731573,0.25951494536945685
0.265769401802165,0.4432869364133916,0.29094366178427294
0.26603081507600745,0.4130182036960248,0.32095098122779697
0.264857993378553,0.38768949096974814,0.3474525156515276
0.2622059200768483,0.36918723280096294,0.368606847122017
0.2581301918100914,0.3589227694518338,0.3829470387379022
0.25278232310682086,0.3577318127053691,0.3894858641876369
0.24639869156832642,0.3658141049001985,0.3877872035313017
0.23928393046296723,0.3827176284045258,0.3779984411323329
0.23178993716164242,0.4073685992753883,0.3608414635627944
0.2242919451524427,0.438145259851357,0.337562794996025
0.21716328678461258,0.47299039703302076,0.30984631618219055
0.21075054268703655,0.5095547739199274,0.2796946833928594
0.2053507287798117,0.5453614661941893,0.24928780502582198
0.2011920173747361,0.5779795973267279,0.22082838529835844
0.19841923669283623,0.6051952756357613,0.19638548767122416
0.19708506122006675,0.6251677022058474,0.17774723657390704
0.19714741674640804,0.6365594321640436,0.16629315108936896
0.1984732052205964,0.638631563538969,0.16289523124025465
0.2008480338840119,0.6312970736112758,0.1678548925045316
0.20399123845901293,0.6151284516197963,0.18088030992100973
0.20757514730061963,0.5913189837662957,0.20110586893290294
0.2112472644361774,0.5616003064241133,0.2271524291395273
0.2146538711906351,0.5281219268046439,0.25722420200453844
0.21746346926516014,0.49330109949011686,0.2892354312445395
0.21938851649912022,0.45965355189847523,0.3209579316022205
0.2202040368916491,0.42961692236608034,0.35017904074208617
0.21976190889142644,0.40537931296579427,0.3748587781425941
0.2179999346415637,0.3887250256983271,0.3932750396599234
0.21494514713701432,0.3809083669311007,0.4041464859316988
0.21071119807724986,0.38256445249592774,0.40672434942663527
0.20549006078410187,0.39366336061398194,0.40084657860172884
0.19953865408014873,0.4135109425736527,0.3869504033460106
0.19316132032451738,0.4407963248377341,0.3660423548375601
0.18668935294672898,0.4736828512545837,0.3396277957984984
0.1804589494236276,0.5099361516128738,0.30960489896330906
0.17478905388968646,0.5470803989939822,0.27813054711614105
0.1699605448284225,0.5825718188236574,0.24746763634772964
0.16619811933919737,0.6139772791559458,0.21982460150466576
0.1636560342844399,0.6391454127673785,0.1971985529479895
0.16240859976469849,0.6563582252914376,0.18123317494367153
0.16244600003529566,0.6644524959506641,0.17310150401384683
0.1636756627402866,0.6629023846659959,0.17342195259352378
0.16592903269331705,0.6518573743264096,0.18221359298007922
0.16897325524971668,0.6321328096126179,0.19889393513747036
0.17252695927527179,0.6051536240883343,0.2223194166361987
0.17627907087151945,0.5728551411267215,0.25086578800156306
0.17990940251156598,0.5375478596573846,0.28254273783085293
0.18310965932665452,0.5017556792866695,0.3151346613864789
0.18560349066276483,0.46803890126757014,0.3463576080694673
0.18716429055000353,0.43881442862581876,0.3740212808239794
0.18762960949043994,0.41618580284824325,0.3961845876611181
0.18691127076537695,0.4017950396321058,0.41129368960231805
0.18500057157470912,0.39670670859979756,0.4182927198252935
0.18196827359380474,0.4013324473327606,0.4166992790732344
0.17795942764782485,0.4154012663473399,0.40663930600463427
0.1731834110727148,0.43797778748761823,0.38883880143946553
0.16789986252646816,0.46752718944972604,0.3645729480236036
0.16240145812715362,0.5020223477406726,0.335576194131971
0.15699466865579145,0.5390856837534188,0.30391964759058643
0.15197975823602317,0.5761557884125046,0.2718644533512685
0.1476313233940207,0.6106671329889989,0.24170154361677587
0.14418062604742748,0.6402302473202598,0.21558912663210744
0.14180084848081098,0.6627997002714029,0.1953994512475805
0.1405962015234734,0.6768180629166226,0.1825857355596975
0.1405955621993491,0.6813257129364723,0.17807872486397186
0.14175102088538824,0.6760287317839985,0.18222024733040618
0.14394139977489626,0.6613200864765458,0.19473851374835022
0.1469804846942639,0.6382525689425734,0.21476694636295435
0.15062941146974618,0.6084653570469087,0.24090523148313595
0.154612385106777,0.5740693241417474,0.2713182907512659
0.1586347014772475,0.5374991285117483,0.3038661700107941
0.16240189987394824,0.501342455713227,0.3362556444126143
0.16563880918523455,0.46815840035025086,0.3662027904643036
0.168107264204746,0.44029774523147786,0.3915949905635643
0.16962136031038677,0.41973777027951803,0.41064086940988304
0.17005927809454202,0.4079432093028578,0.42199751260238727
0.16937093369371195,0.4057631406500417,0.42486592565603293
0.1675809809722282,0.41337107632373526,0.4190479427038223
0.16478699095774038,0.430252480420085,0.4049605286219599
0.16115294288827353,0.45524061501029894,0.38360644210121264
0.15689846029023263,0.4865982141858976,0.35650332552365394
0.15228449577134148,0.5221392639891874,0.3255762402392547
0.14759639269749816,0.5593823442118325,0.29302126309045223
0.14312541660520867,0.5957247662681193,0.2611498171264547
0.1391499438824452,0.6286252760740104,0.2322247800433263
0.13591751417684106,0.6557824854182583,0.20830000040468227
0.13362889519295001,0.6752964925335246,0.19107461227330622
0.13242517788104322,0.6858023317647264,0.1817724903540105
0.13237872493054664,0.6865658706048541,0.18105540446437896
0.13348854842519403,0.6775354108666807,0.18897604070790408
0.1356804091995277,0.6593453638374714,0.20497422696277953
0.13881162881732687,0.6332717379465816,0.22791663323586916
0.1426803042597352,0.6011425647751156,0.2561771309649266
0.1470383343866614,0.5652095568368417,0.28775210877627366
0.15160742378707745,0.5279900156014404,0.3204025606112582
0.15609703916537493,0.4920900990018915,0.35181286183250937
0.16022316799691116,0.46002186710448845,0.3797549648983755
0.16372667681655684,0.4340269606570158,0.40224636252620183
0.16639009058028353,0.4159192992854523,0.4176906101340383
0.1680517136543004,0.40695784722177136,0.42499043912370166
0.16861618100155826,0.40775837895008854,0.4236254400481259
0.16806075455837424,0.4182504340257349,0.4136888114156634
0.16643695042015297,0.4376824726647352,0.3958805769148837
0.16386738024869818,0.464674855163287,0.37145776458778607
0.16053799646498135,0.49731690721202054,0.34214509632276885
0.15668622589164047,0.5333012361301347,0.3100125379779946
0.1525857417675325,0.5700858477163377,0.27732841051589885
0.1485288424826229,0.6050726635756561,0.24639849394148977
0.14480756286704624,0.6357898913050645,0.21940254582765714
0.14169473008945982,0.6600654351604153,0.19823983474989226
0.13942618531356382,0.6761791709807015,0.18439464370550152
0.13818532322149069,0.6829834010106233,0.17883127576765234
0.13809095828770773,0.6799830464435648,0.18192599526849318
0.13918931796601924,0.6673699698752523,0.19344071215849407
0.14145070165066273,0.6460090467061422,0.2125402516429595
0.14477104674678185,0.6173769966596808,0.23785195659330163
0.1489783282245639,0.583458305313565,0.26756336646163487
0.15384340568302735,0.5466055775199747,0.2995510167967612
0.15909464225938283,0.5093741582136327,0.33153119952674703
0.16443537145348813,0.47434265640071677,0.36122197214555735
0.16956309737345993,0.44393198902737135,0.3865049135989299
0.17418919377694017,0.42023565463872203,0.40557515158409846
0.17805782591429312,0.40487314646090344,0.4170690276245636
0.18096285992896513,0.3988767778421374,0.4201603622286569
0.1827616455473777,0.40261983573656335,0.414618518715818
0.18338475192711762,0.41579106655481074,0.40082418151783
0.18284099197477915,0.43741723850822933,0.3797417695167493
0.18121737126631304,0.46593214514319325,0.3528504835902513
0.17867392487653944,0.49928715385515077,0.32203892126806644
0.17543373801616083,0.5350954899558581,0.2894707720277372
0.17176876286853496,0.5708000857973636,0.257431151333857
0.16798232370038982,0.6038531809199694,0.22816449537939565
0.16438942662750955,0.6318950479072393,0.20371552546500563
0.16129614416416424,0.6529192956409527,0.18578456019463682
0.15897941709786256,0.6654131604376132,0.17560742246427757
0.15766860169381527,0.6684629675872653,0.1738684307186719
0.15752998872816024,0.6618174054576818,0.18065260581391024
0.15865533802516046,0.6459042277254371,0.19544043424915392
0.1610552190579005,0.6217992767022642,0.217145504239586
0.16465764052015736,0.591150071297616,0.2441922881819772
0.16931210910880568,0.556059391234067,0.2746284996568773
0.1747989021297074,0.5189370908195573,0.3062640070504847
0.1808429931447675,0.48233059449215443,0.33682641236282695
0.18713175752712344,0.4487460073900492,0.3641222350825753
0.1933353264247885,0.4204724143931388,0.38619225918182026
0.1991282709104297,0.39942169676830874,0.4014500323210087
0.20421119619278738,0.38699508533645166,0.4087937184705076
0.20833081644413434,0.38398577244241733,0.4076834111131943
0.21129716581509006,0.3905243566012034,0.3981784775834518
0.21299677611596446,0.4060708737711775,0.3809323501126029
0.21340090599515263,0.42945389087314295,0.35714520313144854
0.21256822439957768,0.45895383133141854,0.32847794426874716
0.21064171239349483,0.49242460147818745,0.2969336861280606
0.2078399286321473,0.5274449082163536,0.2647151631512414
0.20444315988782094,0.5614885898462812,0.2340682502656398
0.20077532396282505,0.5921019676439437,0.2071227083929728
0.19718278471654024,0.6170757565405689,0.1857414587426314
0.1940114576464976,0.6345994803991818,0.17138906195406073
0.19158371399236873,0.643387590530351,0.16502869547701998
0.19017662190424253,0.6427684954287033,0.16705488266679314
0.19000299152697883,0.6327303324513476,0.17726667602141227
0.1911965203733908,0.6139203626756349,0.19488311695071214
0.1938020762116397,0.5875981331610892,0.21859979062700838
0.1977718230608511,0.5555457965212875,0.2466823804175983
0.20296751302842436,0.5199419780307867,0.2770905089405255
0.20916885760655496,0.483208125153692,0.3076230172394889
0.2160874837462558,0.44783818560336675,0.3360743306501126
0.22338559992908164,0.4162236049876456,0.3603907950830073
0.23069817142401128,0.39048593510640295,0.37881589346931993
0.23765715453071593,0.3723287799821136,0.390014065486904
0.24391618460845707,0.36291942044102454,0.3931643949502512
0.2491740636995547,0.36280834894924957,0.38801758735092806
0.25319545522802045,0.371892264444194,0.3749122803275172
0.2558273628476983,0.38942301198083346,0.3547496251711995
0.2570102379801336,0.4140617204685446,0.3289280415510523
0.2567829091367267,0.4439742210964516,0.2992428697665515
0.2552809332821789,0.4769609418526757,0.2677581248648747
0.25272840853210193,0.5106120719356444,0.23665951953198253
0.2494237291410283,0.542477041262525,0.2080992295961748
0.245720178221333,0.5702363857694591,0.18404343600893558
0.24200261257440073,0.5918639350987249,0.16613345232660146
0.2386617724372473,0.6057679726455574,0.15557025491692214
0.2360679269999122,0.6109015262737204,0.15303054672609348
0.23454563092325412,0.6068341430556089,0.1586202260208626
0.2343513120090891,0.5937802269489673,0.1718684610416686
0.23565523789901366,0.5725820813551126,0.19176268074559802
0.23852913044367668,0.5446489828317282,0.21682188672431857
0.24294032782208136,0.5118566937981445,0.2452029783794974
0.2487529605307995,0.47641458471411463,0.2748324547548086
0.25573613668356576,0.44070978685364387,0.30355407646251237
0.2635786562040671,0.40713937893546354,0.3292819648601909
0.2719093247511937,0.3779424154844058,0.35014825976412167
0.28032154743997073,0.35504357784851825,0.3646348747112315
0.2884005769048836,0.33991937486059703,0.3716800482342395
0.29575159182009125,0.33349620188967255,0.37075220628995526
0.3020267054363653,0.33608730066322484,0.36188599390012854
0.30694905568499886,0.34737290909970087,0.3456780352150184
0.3103323069106741,0.36642484548415627,0.3232428476048872
0.31209418764495594,0.39177364950045696,0.2961321628543041
0.3122630802948673,0.42151342342140175,0.2662234962834473
0.31097714161062495,0.45343688889240236,0.23558596949668853
0.30847593652905975,0.4851910815434719,0.20633298192718352
0.30508507852393696,0.5144426922306011,0.1804722292451763
0.30119485212158165,0.5390414268564814,0.15976372102165098
0.29723421444811415,0.5571699383562128,0.14559584719538654
0.2936419030587342,0.5674698687927481,0.13888822814823068
0.2908365932227845,0.5691352544874508,0.1400281522894769
0.2891881332287317,0.5619668695431488,0.14884499722783112
0.28899183381657106,0.5463838476163824,0.16462431856675785
0.29044759958777416,0.5233919325492753,0.18616046786266124
0.29364537757138387,0.49451075311551196,0.21184386931281424
0.2985579810860023,0.46166538175144173,0.23977663716226572
0.3050418530698525,0.4270499213002197,0.26790822562963706
0.3128457951870372,0.39297279458127254,0.29418141023139865
0.32162714367053397,0.36169465567127307,0.3166782006579009
0.3309743573766307,0.3352703145778363,0.3337553280452406
0.34043453360343395,0.3154057384727544,0.3441597279235188
0.34954401446451067,0.303340089205573,0.3471158963296224
0.3578600162790351,0.29976095914587625,0.34237902457479436
0.36499112366056163,0.3047586046429204,0.33025027169622306
0.37062454648202126,0.3178222168213948,0.3115532366962884
0.37454823932130604,0.33787830849491085,0.287573452183487
0.3766663170277597,0.36336834240575194,0.25996534056619197
0.3770066450922233,0.39235998710666525,0.2306333678008143
0.37572001009383615,0.42268405390441294,0.2015959360014532
0.37307084823494385,0.45208740334092246,0.17484174842383518
0.3694200899130581,0.47839103403448674,0.152188876052156
0.36520122556819873,0.499642252712043,0.1351565217194589
0.3608911746581621,0.5142502904893445,0.12485853485219346
0.3569779120231967,0.5210959405583783,0.12192614741812426
0.3539270473941582,0.5196076580185851,0.1264652945869554
0.3521496464396761,0.5097989496038811,0.13805140395614107
0.35197351766954477,0.49226461950041694,0.15576186282973623
0.3536199715964466,0.4681363334299405,0.17824369497331027
0.35718770032267,0.4390008126776917,0.2038114869993348
0.3626449505053181,0.4067865730110935,0.2305684764832845
0.3698306021193611,0.3736272989722916,0.2565420989080428
0.3784641574310975,0.34171154128363596,0.27982430128496155
0.3881640306326343,0.31312933487600364,0.2987066344910568
0.39847295098543295,0.28972649697053515,0.311800552043726
0.4088887913106808,0.2729767711564693,0.31813443753254306
0.4188987445538878,0.26388068004828974,0.3172205753975152
0.4280145218700872,0.2628980310088901,0.309087447120715
0.4358061547381777,0.26991862440635167,0.29427522085516217
0.44193205876340613,0.2842730125015386,0.2737949287347463
0.44616325440134785,0.30478234051943603,0.2490544050789063
0.4484000248865475,0.3298435679886833,0.22175640712445896
0.44867979890236354,0.35754390937931135,0.19377629171801447
0.44717564100250357,0.3857963194727601,0.16702803952442485
0.4441853761101673,0.41248641958116666,0.14332820430835447
0.44011202149653744,0.43562051274055075,0.1242674657625996
0.43543680575556976,0.45346431799518655,0.11109887624893076
0.43068657714393865,0.4646627630169722,0.10465065983877575
0.426397806334052,0.46833255667909474,0.10526963698653916
0.42307964222596744,0.46412121798281264,0.11279913979090535
0.4211785651294497,0.45222862448480733,0.12659281038542786
0.42104709199915263,0.43338979213207585,0.14556311586845572
0.4229187281835459,0.4088203218424524,0.1682609499736852
0.4268909459178519,0.3801285547803032,0.19298049930152816
0.432917428935195,0.3492007859334306,0.21788178513105733
0.4408101915034977,0.31806773422620505,0.24112207426997911
0.45025150188379864,0.28876173013109213,0.2609867679847908
0.46081486125880927,0.26317467358794844,0.2760104651529233
0.47199365665013004,0.2429266986337126,0.2850796447158377
0.4832355644390848,0.22925466906444528,0.2875097664961497
0.49398036813925256,0.22292818301120088,0.28309144884922627
0.5036985996976404,0.22419878897371495,0.27210261132832336
0.511928336742873,0.2327857535223052,0.2552859097345001
0.5183075955906465,0.24789913970961217,0.23379326469941888
0.5226000454684352,0.26829833765976596,0.20910161687147621
0.5247122149273827,0.2923817186179153,0.1829060664543785
0.5247009371041611,0.3183009332025589,0.15699812969295573
0.5227704474608519,0.3440916923793032,0.13313786015951987
0.5192592602816304,0.3678117705990442,0.1129289691190002
0.5146176594500451,0.38767652774164596,0.09770581280798306
0.5093772956108342,0.4021824865708031,0.08844021781803638
0.504114939775101,0.4102104038183499,0.08567465640622217
0.4994128632793829,0.4111007680117945,0.08948636870849516
0.4958185655796593,0.40469663678771717,0.09948479763229567
0.49380663594088653,0.39135104850077085,0.1148423155580143
0.4937454067999391,0.3718987422329682,0.13435585096676375
0.49587074294138606,0.34759442034565835,0.1565348367126259
0.5002688320541119,0.3200221132382897,0.17970905470726817
0.5068692307917213,0.29098219521737156,0.20214857399057617
0.5154487176491037,0.26236411635468126,0.2221871659958835
0.5256457579732927,0.2360138551357794,0.23834038689059586
0.5369846487664288,0.213605398960534,0.2494099522727049
0.548907732925245,0.19652520773859783,0.2545670593358243
0.5608135017323338,0.18577763950761933,0.25340885875971336
0.5720979811741228,0.1819177893704331,0.24598422945511025
0.582196552454373,0.18501622537927512,0.23278722216601744
0.5906233081518236,0.1946578385979873,0.21471885324985354
0.597005197585317,0.20997462059866276,0.1930201818156843
0.6011085588727586,0.22970980965558893,0.16918163147131618
0.6028561482886768,0.25230867285492603,0.1448351788560603
0.6023334252855409,0.2760293660204743,0.12163720869364718
0.599783589796626,0.2990659618733383,0.10115044832969781
0.5955916464464669,0.3196749500630732,0.08473340349012118
0.5902585342022687,0.33629634115977325,0.07344512463761846
0.584367056595602,0.34766095734036984,0.06797198606368846
0.5785419280306714,0.35287652861600016,0.06858154335298829
0.573406674768361,0.3514867575437045,0.07510656768759352
0.5695403644915807,0.3434994549957706,0.08696018051230728
0.5674371683692468,0.3293820454759723,0.10318078615443892
0.5674715808618158,0.31002503664781,0.12250338249003158
0.5698717462831082,0.28667628245572024,0.14345197126082854
0.5747027923136268,0.26085088645892623,0.16444632122710343
0.5818613863722555,0.2342232523637963,0.1839153612636042
0.5910819578021349,0.20850897906920743,0.20040906312831278
0.6019542204601349,0.18534493864398616,0.21270084089553376
0.6139508425796916,0.16617592754427932,0.21987322987568375
0.6264633986466476,0.15215574574988208,0.22138085560312412
0.6388441515165764,0.14406947820838661,0.21708637027469027
0.6504507936735947,0.14228220868749444,0.2072669976385633
0.6606910545556813,0.14671750029058853,0.1925914451533821
0.6690640728559881,0.15686686553089682,0.17406906161276645
0.6751956404350857,0.17182927186920302,0.152975087695362
0.678864834727663,0.19037763905800878,0.13075752621397826
0.6800201418707088,0.21104742798719114,0.10893243014174986
0.6787838934539124,0.23224092474674524,0.08897518179899129
0.6754446463598694,0.25233978955540654,0.07221556408437242
0.6704379719257751,0.2698179359299445,0.059744092143928396
0.6643169295122713,0.2833468610630174,0.0523362094243589
0.6577142240079318,0.2918861543841427,0.05039962160757229
0.6512986359201689,0.2947530197484522,0.05394834433102506
0.6457287247255038,0.2916661749647875,0.06260510030935436
0.641607011433816,0.282761329173683,0.07563165939214604
0.6394378294516467,0.26857745218359846,0.09198471836439984
0.6395917938200368,0.25001509749228307,0.11039310868732409
0.6422793932363152,0.22826997869185425,0.1294506280714741
0.6475355869238005,0.20474669279926777,0.14771772027657493
0.6552165318463884,0.18095881781113707,0.16382465034211705
0.6650087269985618,0.1584224959736147,0.17656877702746548
0.6764499985770086,0.13855099185261943,0.1849990095700137
0.6889609227600952,0.12255756438364707,0.18848151285589862
0.7018845494150951,0.11137333094374022,0.18674211964080484
0.714531701888485,0.10558568104275234,0.17988261706840245
0.7262287268292001,0.10540130098926805,0.1683699721811712
0.7363643826203121,0.11063610776291453,0.15299950961641176
0.7444325994196684,0.12073248669502076,0.1348349138849489
0.7500681160493198,0.13480231820209432,0.11512956574822344
0.7530724811297785,0.15169249736952098,0.09523502150033777
0.7534285653226347,0.17006811976644376,0.07650331491055791
0.7513025231745646,0.18850733159614896,0.060190145228922326
0.7470330122868339,0.20560110014468802,0.047365887568113246
0.74110836411623,0.22005089822648635,0.038840737656918374
0.7341332429233183,0.23075752649913397,0.03510923057718192
0.7267870682951023,0.23689499805812564,0.036317933646405426
0.7197770602957926,0.23796452587739186,0.0422584138264487
0.713789153257818,0.2338251022457452,0.052385744496069114
0.7094401866512777,0.22469883493861004,0.0658609784097444
0.7072347070586879,0.21115098744160582,0.08161430549933797
0.7075294081767899,0.19404643412984038,0.09842415769300068
0.7105077163860364,0.17448586284405299,0.11500642076954087
0.7161663330686829,0.15372642527533792,0.13010724165560897
0.7243147193351915,0.13309255764293504,0.14259272302150294
0.7345876111570754,0.11388330342955838,0.15152908541299495
0.746469745404874,0.09728262931181289,0.15624762528294117
0.7593311232089859,0.0842789297638169,0.15638994702682477
0.7724703961792536,0.07559919192947062,0.15193041189090306
0.7851633854823912,0.07166219666625949,0.1431744178509759
0.796713374387586,0.07255374584191458,0.1307328797701257
0.8064996782517602,0.07802533086746559,0.11547499088039996
0.814021102474427,0.08751600578318827,0.09846289174200952
0.8189312422411863,0.10019561645098383,0.0808731413074542
0.8210631348686352,0.1150260775818395,0.06391078754914904
0.8204415082343213,0.1308361812328929,0.04872231053240915
0.8172817266918534,0.1464045447752991,0.036313728532470196
0.8119754596524446,0.1605448194512048,0.027479720895972972
0.80506402347246,0.17218721075227736,0.0227487657748838
0.7972012098550904,0.18045070761779747,0.02234808252673325
0.7891081532511123,0.18470114844489396,0.026190698303614438
0.7815233536948781,0.18459131121788347,0.03388533508685869
0.7751513201550562,0.1800805236825204,0.044768156162042716
0.7706134077199815,0.17143275217286882,0.05795384010676851
0.768404281359272,0.1591936399178739,0.07240207872247226
0.7688570585448773,0.14414842105456954,0.08699452040017117
0.7721195883749351,0.12726393448015358,0.10061647714452841
0.7781435567805219,0.10961901403193633,0.11223742918715846
0.7866872188983055,0.09232826886067877,0.12098451224063181
0.7973316123560988,0.07646464398582364,0.12620374365769332
0.809509164945191,0.062986145663349,0.1275046893910754
0.8225427425782406,0.05267173614983557,0.12478552127153865
0.835692449338533,0.04607068059046922,0.11823687007061179
0.8482069424698792,0.043468621327930376,0.10832443620180421
0.8593757002508394,0.04487243714935496,0.09575186259941842
0.8685786032222996,0.05001460549509827,0.08140679128221429
0.8753293653923309,0.058376420021136036,0.06629421458614457
0.8793097703188346,0.06922811984623138,0.05146210983454499
0.8803922989361304,0.08168284944017212,0.037924851623308345
0.8786495381932724,0.0947604658222745,0.02658999598406323
0.8743496765417248,0.10745660109778488,0.018193722360100115
0.8679383604012355,0.11881211029941184,0.01324952929896197
0.8600081375270398,0.1279781001558039,0.012013762316764974
0.8512575822317766,0.1342721326258808,0.014470285141950735
0.842442922782236,0.1372218936388721,0.020335183578499425
0.8343255219637483,0.13659355808247636,0.029080919953382023
0.8276188601864114,0.1324031963263893,0.03997794348680555
0.8229387151256248,0.12491077434876925,0.05215051052521163
0.8207600189228021,0.1145975129131565,0.06464246816364638
0.8213834175777207,0.10212850657256665,0.07648807584931727
0.8249138885402675,0.08830348310049319,0.08678262835884348
0.8312529377491293,0.07399934330043548,0.09474771895003894
0.840104954299708,0.06010861182727298,0.09978643387262202
0.8509973150868979,0.04747812328271344,0.10152456162999135
0.8633128718671358,0.03685215739863108,0.09983497073383504
0.8763325862781305,0.02882383698436495,0.09484357673710588
0.8892853651946457,0.023797946787350532,0.08691668801760492
0.9014016395426602,0.02196747188337085,0.07663088857356948
0.9119669603906194,0.02330515513765289,0.06472788447132724
0.9203718761695971,0.027570307391609736,0.05205781643839221
0.9261546055552291,0.03433004703891074,0.039515347405458416
0.9290335149995429,0.042993170851737185,0.027973314148317722
0.9289271141778651,0.05285403110804108,0.018218854713691182
0.9259601480451463,0.06314316911994186,0.010896682834509076
0.9204553307268974,0.07308107062091238,0.006463598651786859
0.9129112668676986,0.08193128483752332,0.005157448294374275
0.9039680705644922,0.08904928840318506,0.0069826410319181196
0.8943630532177946,0.09392386110418617,0.011713085677613713
0.884879549206336,0.0962083395281094,0.018912111265149033
0.8762924331834437,0.09573987974849744,0.027967687067652364
0.8693141207197144,0.09254573362649719,0.038140145653381446
0.8645448178539147,0.08683646154216858,0.0486187206035094
0.8624304961572749,0.07898690240073407,0.058582601441583136
0.8632315378085389,0.06950653783984387,0.06726192435120919
0.8670042565837713,0.059001567410856784,0.07399417600496301
0.8735966067470815,0.04813151191143354,0.0782718813410756
0.8826584046859595,0.03756345359786614,0.07977814171576451
0.8936653765069614,0.027927090741429187,0.07840753275119866
0.9059553792614443,0.01977363193730982,0.07427098880083455
0.9187742914972494,0.013541200097717015,0.06768450840462152
0.9313283901017677,0.009528888199233795,0.05914272169858609
0.9428395726035897,0.007880950691451163,0.04927947670454649
0.9525995795696576,0.008581875836425347,0.03881854459350407
0.9600194351805199,0.011462318944789506,0.028518245874276812
0.9646706515079723,0.016215138378161728,0.01911421011345176
0.9663153110279502,0.02242011544345132,0.01126457352818371
0.9649229131495347,0.02957539891849398,0.005501687931555715
0.9606727905048733,0.03713332800975087,0.0021938814849601185
0.953941905440503,0.04453807523434225,0.0015200193247379057
0.9452788565682426,0.051262521258226015,0.0034586221731142683
0.935365888237907,0.05684192224729109,0.007792189514384041
0.9249715350768244,0.06090223969437605,0.014126225228381438
0.9148971905387594,0.06318144529497129,0.021921364165850582
0.9059213166163347,0.06354265336881225,0.03053603001443393
0.8987451812878354,0.061978529334337305,0.03927628937740754
0.8939439087223787,0.058607031385130924,0.04744905989207
0.8919262614855697,0.053659121298932,0.054414617215077364
0.8929059691695368,0.04745959064940287,0.05963444018063889
0.8968866159319764,0.040402558502251114,0.06271082556535026
0.9036611561090827,0.03292348234446946,0.06341536154602521
0.9128261080433652,0.025469671681023886,0.06170422027518771
0.9238094525824457,0.018471299905006348,0.057719247512124434
0.9359103058114167,0.012314781246090997,0.05177491294206861
0.9483476123442776,0.0073201314936298,0.04433225616166808
0.960314473529939,0.0037235869929511628,0.03596193947668486
0.9710343285354475,0.001666344860669585,0.027299326603457352
0.979815073365307,0.0011898403635446952,0.018995086270721807
0.9860973429958528,0.002237527581737376,0.011665129421982506
0.9894935854316946,0.0046627077956768745,0.005843706772200951
0.9898151956984022,0.008241583666923291,0.0019432206342463686
0.9870858081679048,0.012690427867263095,0.00022376396440331638
0.9815398093791722,0.017685557221746265,0.0007746333986524232
0.9736061635074245,0.022884705121063567,0.003509131371082307
0.9638786670158267,0.02794838587873766,0.008172947105005485
0.9530746962879498,0.03255993781098223,0.014365365900637576
0.9419853160153479,0.03644310403410518,0.021571579950115657
0.931420220580933,0.03937624360608101,0.02920353581255428
0.9221513433086332,0.04120253998286536,0.03664611670806859
0.9148590637695607,0.041835866877469964,0.043305069352536904
0.9100847645208255,0.04126226205070515,0.048652973428035894
0.9081930480173898,0.03953722793495188,0.05226972404722389
0.9093462525794154,0.03677930825877708,0.05387443916137284
0.9134930499808714,0.033160570239400944,0.05334637977929318
0.920371926115207,0.0288947454813606,0.050733328402996825
0.9295293087024451,0.0242238473823534,0.046246843914765405
0.9403510845085316,0.019404091087706386,0.04024482440332532
0.9521053143498781,0.014691900232680449,0.03320278541700436
0.9639931724857747,0.010330702203265804,0.02567612531052182
0.9752045624682865,0.006539101615457425,0.018256335915817688
0.9849745342929194,0.0035008920278204636,0.011524573678821277
0.9926365706885469,0.001357229995627624,0.0060061993153857915
0.9976690276619826,0.00020116348040015718,0.002129808857177292
0.9997314908803355,0.0000745862376121183,0.00019392288161218917
0.9986885119465253,0.0009675864127272543,0.00034390164030685157
0.9946190681257774,0.0028200737282558187,0.0025608581455252607
0.9878110842728363,0.005525505295582529,0.0066634104311392665
0.97874139716262,0.008936483015516347,0.012322119821421005
0.9680425574738195,0.012871961980234947,0.019085480545502246
0.9564587824835394,0.01712578471596842,0.026415432800048197
0.9447941290518399,0.021476235997001172,0.03372963495071457
0.9338564989130155,0.025696293585116905,0.040447207501422854
0.9244013787949519,0.02956422928200552,0.0460343919225973
0.9170792361926706,0.032874191631445754,0.05004657217543794
0.9123902364636532,0.035446377984812365,0.05216338555108808
0.9106494361145023,0.037136382863693564,0.05221418102135682
0.9119648763775735,0.037843296573915504,0.050191827048063575
0.9162301014487988,0.03751612875047238,0.04625376980028107
0.9231316198753664,0.03615815202545537,0.040710228098729734
0.9321707857446965,0.03382880671384204,0.03400040754101262
0.9426985712285173,0.030642882165990183,0.02665854660504252
0.9539608037918256,0.026766795788417414,0.019272400419306755
0.9651507126229381,0.02241192533544817,0.012437362041163122
0.97546512036701,0.01782510934060693,0.006709770291931951
0.984160363450977,0.013276606652956977,0.0025630298956140305
0.9906040447146782,0.009045988199142901,0.0003499670857267761
0.9943190141800603,0.0054066092391738,0.00027437658031314666
0.9950165171038983,0.0026094641052855157,0.0023740187903628163
0.9926162049576537,0.0008673430931034253,0.006516451948788646
0.9872516217856403,0.0003402793066778819,0.0124080989072268
0.9792607914776419,0.0011232807556447988,0.019615927766258298
0.9691625701335416,0.0032372824260784574,0.02760014743992413
0.9576204194337479,0.006624121612154612,0.03575545895364118
0.9453961326116695,0.011146140068906707,0.043457727318966966
0.933296743246051,0.01659075672892337,0.050112500024568137
0.9221183200391734,0.022680048491530977,0.055201631468837664
0.9125905651865083,0.02908504244766374,0.05832439236536954
0.9053260751038443,0.0354440830962588,0.059229841799437855
0.9007777944609522,0.04138431715333457,0.05783788838525378
0.8992076207494284,0.046545061462851936,0.05424731778725983
0.9006683371919697,0.0506016098636484,0.048730052943921284
0.9050001212088336,0.05328791284139504,0.041711965949310495
0.9118418589230203,0.05441654440156583,0.0337415966749522
0.9206564642873494,0.05389446214902611,0.02544907356316241
0.9307684263314395,0.05173326958943748,0.01749830407866061
0.9414109576949408,0.04805299642086743,0.010536045883728671
0.9517794512140513,0.04307880708830495,0.005141741697179612
0.9610875151434723,0.037130506681642673,0.001781978174420367
0.9686216818065244,0.03060520678259286,0.0007731114104179553
0.9737909810531734,0.023954008288171173,0.0022550106581899873
0.9761679318392353,0.017654017812860398,0.006178050347438193
0.9755181069889228,0.012177403919176369,0.012304489091434296
0.9718162255357764,0.007959487395212498,0.020224287068543987
0.9652476679934695,0.005368020201356106,0.029384311804706322
0.9561953267116367,0.004675822751132325,0.03912885053676302
0.945212725142971,0.006038810869856585,0.04874846398670346
0.9329852951503921,0.009481154941434944,0.057533549907703777
0.9202825239056082,0.014888888388655475,0.06482858770526653
0.9079043143154701,0.02201274531340452,0.07008294037065525
0.8966253014302583,0.030480391667177913,0.07289430690209303
0.8871410044835102,0.039817561684670356,0.07304143383134823
0.8800195608867554,0.04947696687156691,0.07050347224120578
0.8756623943416372,0.05887325522941419,0.06546435042847597
0.8742765420877562,0.06742180815470528,0.05830164975706536
0.8758605502442353,0.07457881062799304,0.049560639127298016
0.8802048983892719,0.07987984744336861,0.03991525416688571
0.8869069012226031,0.08297428375774756,0.030118815019175026
0.8953990270970634,0.08365288867795684,0.020948084224504507
0.9049886406325359,0.08186654860459457,0.013144810762393735
0.9149063844092112,0.0777344714375044,0.007359144152807775
0.9243598178490183,0.07154096958309494,0.004099212567409734
0.9325885711001557,0.06372068431708205,0.0036907445822848112
0.9389171727331814,0.05483292394017863,0.006249903326162149
0.9428018787801985,0.045526576519996836,0.011671544699325803
0.943868254861287,0.03649776775034786,0.01963397738788612
0.9419369128211564,0.028443012320945947,0.029620074857418174
0.9370356327592133,0.0220110077416319,0.0409533594986751
0.9293970524439679,0.017756408727070266,0.05284653882848116
0.9194421123634746,0.016098878111198957,0.0644590095248451
0.9077504358582543,0.017290432956073576,0.07495913118519025
0.8950197308927054,0.021393604964896628,0.08358666414191575
0.8820170600138347,0.028272241770043026,0.08971069821563922
0.8695253852831197,0.03759593410270803,0.09287868061368884
0.8582891168294376,0.04885811916213445,0.09285276400794422
0.8489624552406376,0.0614069468193585,0.08963059793951908
0.8420641155521758,0.07448707057757324,0.08344881386976638
0.8379415687723767,0.08728970646884505,0.07476872475829265
0.8367472677257584,0.0990076514711809,0.06424508080257452
0.8384284845796993,0.10889151938615482,0.05267999603365926
0.842731436598524,0.11630327291461472,0.04096529048637432
0.8492193809083072,0.12076322511231292,0.030017393978892085
0.8573033878127981,0.12198705158002093,0.020709560606692573
0.8662836230488464,0.11990997714494454,0.013806399805719892
0.8753982433153218,0.11469613924786119,0.009905617436327764
0.8838764866427566,0.10673213021504266,0.009391383141710527
0.8909922555945515,0.09660481467562035,0.012402929729337712
0.8961144660666434,0.08506463087426971,0.01882090305859591
0.8987506686853248,0.07297663676061303,0.028272694553570774
0.898580926535723,0.061262477247949754,0.04015659621583561
0.8954796183694351,0.050837159712848294,0.053683221917223946
0.8895236822870531,0.04254497554687207,0.06793134216558168
0.8809867618608478,0.03709905862218598,0.08191417951647227
0.8703196985683741,0.03502890957548932,0.0946513918556422
0.8581187628063094,0.036639742647429495,0.10524149454576623
0.8450838647170493,0.04198675647733332,0.11292937880512144
0.8319696767771113,0.05086643955480109,0.11716388366759188
0.8195330849240826,0.06282586056445731,0.11764105451096364
0.808480630780125,0.07718964266691708,0.11432972655246101
0.7994195978329187,0.09310306595098289,0.10747733621560077
0.7928161306726705,0.10958857297528635,0.0975952963515453
0.7889632776484083,0.12561195326749372,0.08542476908359929
0.7879611489910818,0.14015372816034438,0.07188512284807445
0.7897105337436506,0.15228080571474242,0.058008660541107274
0.793920379237068,0.16121336454944785,0.04486625621298389
0.8001285720133031,0.1663821694372118,0.03348925854898406
0.8077345362190322,0.16747210980690155,0.024793353973564875
0.8160413486590984,0.1644486493502188,0.01951000199018095
0.8243044153927829,0.15756502268967024,0.01813056191704418
0.8317833079848613,0.14734933653329102,0.0208673554813442
0.8377931487011137,0.13457213719414118,0.027634714104241846
0.8417519768166547,0.12019639555574872,0.038051627627092445
0.8432208189895511,0.10531313564013815,0.0514660453698058
0.841933704291423,0.09106700142658622,0.06699929428148559
0.8378155722349323,0.07857683912038547,0.08360758864417603
0.8309868701284038,0.0688568083295334,0.1001563215415561
0.821754564882936,0.06274358883144114,0.11550184628511594
0.8105902391283878,0.060834909693555386,0.12857485117754924
0.7980968364202226,0.06344391212991056,0.138459251449359
0.7849664033906648,0.07057281129192015,0.14446078531690637
0.771931793860481,0.08190801410687794,0.14616019203213182
0.759715708874604,0.09683736890394809,0.14344692222093816
0.7489806196661601,0.11448867023959171,0.13653071009373777
0.7402830465250663,0.13378702802337036,0.12592992545105255
0.7340353514912794,0.1535273417174204,0.11243730679078875
0.7304776695077608,0.17245699727863179,0.09706533321309543
0.7296618890249156,0.1893631099710017,0.08097500100357051
0.731448749329298,0.20315823143854694,0.06539301923164198
0.7355182072024312,0.212958458972193,0.05152333382486251
0.7413923037303823,0.21814833357879584,0.04045936269030804
0.7484688972683663,0.21842776570779124,0.03310333702332781
0.756063880576572,0.2138374287394036,0.03009869068350937
0.7634589205025916,0.20476053043696196,0.03178054905993078
0.7699513868843446,0.19190051115629161,0.03814810195884783
0.7749029985844712,0.1762359109374984,0.04886109047751342
0.7777838174321858,0.15895527647077534,0.06326090609652128
0.7782085572156539,0.14137642703785375,0.08041501574597495
0.775962720414484,0.1248555608299231,0.09918171875507457
0.7710167913234937,0.1106924733396276,0.11829073533635996
0.7635275501690906,0.10003851684905182,0.13643393298133796
0.7538264701887162,0.09381382333949866,0.15235970647126498
0.7423960558674961,0.09263974387885955,0.16496420025312342
0.7298358133683978,0.09679145998814243,0.1733727266429389
0.7168202561114285,0.10617436175550929,0.17700538213254038
0.7040518905466093,0.12032615526207663,0.17562195419079155
0.6922124625427353,0.1384448703331354,0.1693426671236064
0.6819158511154894,0.15944111357519727,0.15864303530878998
0.6736658670845014,0.1820111799587544,0.14432295295622047
0.6678218597112905,0.20472612261961468,0.1274520176685705
0.6645744800502617,0.22613069490442006,0.10929482504479299
0.6639332350356465,0.24484530888911632,0.09122145607471162
0.6657266415577163,0.25966386015518594,0.07460949828657205
0.6696149126980723,0.26964047603174285,0.06074461126965837
0.6751142399969491,0.2741589450643262,0.050726814938197355
0.6816309363099264,0.272979735364532,0.04538932832501368
0.6885030286075275,0.2662610325746675,0.04523593881727669
0.6950463852110672,0.2545520209815148,0.05040159380688894
0.700602161645668,0.23875857004686948,0.06063926830693302
0.7045822733469194,0.22008343777290462,0.07533428887964605
0.7065097560562865,0.19994492408191064,0.09354531986127243
0.70605124415731,0.17987947145722635,0.11406928438493255
0.7030393567483767,0.16143490295206536,0.13552574029902623
0.6974834911645414,0.14606172086586572,0.15645478796906062
0.6895683339646722,0.13501010604836983,0.17542155998642509
0.679640253413667,0.1292399370137047,0.19111980957209487
0.6681825757773564,0.1293503067777797,0.20246711744432988
0.6557815122990902,0.13553370754733685,0.20868478015303815
0.6430851419263504,0.14755836668172204,0.20935649139139265
0.6307583231511974,0.1647802670538415,0.20446140979442573
0.6194366751612596,0.18618430625974905,0.19437901857845552
0.6096828164602358,0.21045198775138038,0.17986519578784702
0.6019478760650171,0.23605113884204681,0.16200098509239916
0.596540911499955,0.2613415515376472,0.1421175369618602
0.5936083066172797,0.284689258334482,0.12170243504770001
0.5931245206274537,0.30458147433459265,0.10229400503741504
0.594894767008229,0.3197341123493307,0.08537112064190074
0.5985693725710912,0.3291842233501473,0.07224640407822129
0.603668760471265,0.33236070469633777,0.06397053483185657
0.6096172720605627,0.3291280882735919,0.061254639665304415
0.6157834412260781,0.31980007068664557,0.06441648808673478
0.6215239021207518,0.305121550786657,0.07335454709204897
0.6262278759483236,0.28622014979234234,0.08755197425879133
0.6293591598536851,0.2645303508589676,0.10611048928680372
0.6304927312980818,0.24169535493337457,0.12781191376799986
0.6293434701484565,0.21945336771855387,0.15120316213244545
0.6257850599842841,0.19951619110137195,0.1746987489137987
0.6198578201208892,0.18344860543902985,0.19669357443953528
0.6117649920351778,0.1725570484546406,0.21567795950963514
0.601857804353197,0.167795515517845,0.23034668012841159
0.5906104137836706,0.16969546055003015,0.23969412566575227
0.5785865120480288,0.17832484271654725,0.2430886452348763
0.5663999535799954,0.19327945267718452,0.24032059374227188
0.5546721572893979,0.21370740234690405,0.23162044036314922
0.5439892415138771,0.23836533079751426,0.21764542768805917
0.5348618513985836,0.26570263014339923,0.19943551845746718
0.5276904336638226,0.29396798856990536,0.17834157776572157
0.5227383204639996,0.321330926874952,0.15593075266049747
0.5201144302088088,0.34600988769582386,0.1338756820948159
0.5197667181199951,0.36639790603541866,0.11383537584403379
0.5214867603605144,0.38117698804177935,0.09733625159715338
0.5249250850260703,0.3894130503543106,0.08566186461906578
0.5296161244833592,0.39062457849775556,0.07975929701833183
0.5350110072925548,0.3848199621234402,0.08016903058345082
0.540515879012369,0.37250063416770385,0.08698348681937211