0.9983046628738856,0.001682774545889169,0.000012562580225257876
0.998304938847539,0.001682500389704124,0.000012560762756947784
0.9983051455647728,0.001682295345170543,0.000012559090056803834
0.9983053920430291,0.001682050717823914,0.00001255723914683443
0.9983056106327614,0.0016818336900256113,0.00001255567721314603
0.9983057565462351,0.0016816890996541765,0.000012554354110542044
0.9983059821903618,0.0016814649633216461,0.000012552846316503958
0.9983061040320272,0.001681344179458617,0.000012551788514151213
0.998306332244926,0.001681117210053445,0.000012550545020510748
0.9983064670525231,0.0016809838389883517,0.000012549108488562702
0.998306608429617,0.0016808433490620599,0.000012548221320994445
0.9983067140556807,0.0016807389262287246,0.00001254701809054445
0.9983068749623624,0.0016805789002992536,0.000012546137338394283
0.9983070330167624,0.0016804219682035157,0.000012545015034064037
0.9983071678487611,0.0016802879605203377,0.000012544190718433966
0.9983073419119373,0.001680114854430247,0.000012543233632483646
0.9983075447783053,0.0016799139569372273,0.000012541264757370572
0.998307666141504,0.0016797939870806938,0.000012539871415346382
0.9983078976565255,0.0016795638645310407,0.00001253847894349673
0.9983081227626364,0.0016793401195388364,0.00001253711782490291
0.9983082921631518,0.0016791715837622863,0.000012536253086043155
0.9983084423918825,0.0016790228246161395,0.000012534783501253808
0.9983085212168182,0.00167894475484524,0.000012534028336359293
0.998308636320839,0.0016788311266953497,0.000012532552465655177
0.9983088745285174,0.0016785937769171345,0.000012531694565588694
0.9983089206241181,0.0016785483656612185,0.000012531010220624556
0.998309054011819,0.0016784158008908135,0.000012530187290159364
0.9983092234996099,0.001678247383665021,0.000012529116725244921
0.9983092172905595,0.0016782546291302805,0.000012528080310240401
0.9983094907252796,0.0016779822002687514,0.000012527074451780064
0.9983096605299898,0.0016778134685730135,0.000012526001437116014
0.9983097396435072,0.0016777358898165508,0.000012524466676036076
0.998309902401383,0.001677574540512933,0.000012523058104095513
0.9983100571376593,0.0016774207999687288,0.000012522062371816218
0.9983102207397566,0.0016772582082694592,0.000012521051973943005
0.9983104960892086,0.0016769842207140695,0.000012519690077392347
0.9983105426306509,0.0016769387655724798,0.000012518603776521268
0.9983107999152501,0.001676682176535573,0.000012517908214264214
0.9983108601176517,0.0016766228759045674,0.000012517006443975252
0.9983110243250145,0.0016764597035678487,0.000012515971417473724
0.998311097215648,0.0016763879161768153,0.000012514868175143347
0.9983111882334578,0.0016762976402564344,0.000012514126285917454
0.9983111959179685,0.0016762901412219144,0.00001251394080967403
0.9983113990442979,0.001676088336033618,0.000012512619668512786
0.9983115025256453,0.0016759860342344358,0.000012511440120296886
0.998311798586287,0.0016756908633940692,0.000012510550318978564
0.9983118688974295,0.0016756220185670217,0.000012509084003349929
0.9983120031092015,0.001675488825730159,0.000012508065068421433
0.9983120754860657,0.0016754177193956195,0.000012506794538600332
0.998312423548653,0.0016750705800105787,0.000012505871336242856
0.9983123558619028,0.001675139455371336,0.000012504682725688915
0.9983126067218909,0.001674888754083686,0.000012504524025331616
0.9983125439750303,0.0016749524270847466,0.000012503597884979278
0.998312627529688,0.0016748703577079106,0.000012502112604226958
0.9983130626646619,0.0016744358276495805,0.000012501507688477719
0.9983131668594133,0.0016743325841739225,0.000012500556412665875
0.9983129384850091,0.0016745618652735076,0.000012499649717307651
0.998313076023731,0.0016744242443381735,0.00001249973193084244
0.9983132790416055,0.001674222017149584,0.000012498941244833205
0.9983131980327873,0.001674304008124641,0.000012497959088146803
0.9983136482242193,0.001673855066012299,0.000012496709768468984
0.9983134639486613,0.0016740398623015433,0.00001249618903712766
0.9983136484008709,0.001673856455683922,0.00001249514344522542
0.9983141696616534,0.0016733363469460115,0.00001249399140063612
0.9983142911402905,0.0016732162389456733,0.000012492620763692133
0.9983144215533936,0.0016730868645781465,0.000012491582028290853
0.9983141678017424,0.0016733408455534774,0.00001249135270418315
0.9983141884954118,0.0016733216763914075,0.000012489828197016386
0.9983144233854987,0.001673087642172048,0.000012488972329203916
0.9983148609161914,0.001672650166418975,0.000012488917389599941
0.9983150093146893,0.0016725034739926634,0.000012487211318203956
0.9983151489419442,0.001672364706455245,0.00001248635160054117
0.9983150234183096,0.0016724905770107712,0.00001248600467958895
0.9983150568229731,0.0016724571145272829,0.000012486062499926877
0.9983147846668129,0.0016727301280464843,0.000012485205140826272
0.9983148492903848,0.0016726664134962068,0.000012484296118967398
0.9983151734512554,0.0016723422675680897,0.000012484281176555486
0.9983157677428589,0.0016717493962509066,0.00001248286089023451
0.9983153279141945,0.0016721902326462988,0.000012481853159089243
0.9983153855256534,0.0016721343880410952,0.000012480086305811187
0.9983157835701826,0.00167173723184716,0.000012479197970402103
0.9983158289486948,0.0016716928287130281,0.000012478222592041253
0.9983156086624884,0.0016719134460301901,0.000012477891481549111
0.9983160580503199,0.0016714640770390601,0.000012477872641077087
0.9983167358985395,0.0016707883990673715,0.000012475702393177151
0.9983158551689757,0.0016716687401192058,0.000012476090905078274
0.9983169649853224,0.0016705597096761911,0.000012475305001434179
0.9983163852464925,0.0016711410626844745,0.000012473690823142717
0.9983162594096233,0.0016712678441300802,0.000012472746246638594
0.9983173489850163,0.0016701787909771068,0.000012472224006581583
0.9983170454071832,0.0016704830239917697,0.000012471568824938547
0.9983162266242056,0.0016713024476489068,0.000012470928145506379
0.998316718787715,0.001670810942576027,0.000012470269709105926
0.9983177908572988,0.0016697393402452542,0.000012469802455953803
0.9983173456870259,0.001670184760311309,0.000012469552662883858
0.9983163456801873,0.0016711848559413042,0.000012469463871435372
0.9983178414675409,0.001669689663153157,0.000012468869306009167
0.9983175397917154,0.0016699919758375575,0.0000124682324469477
0.9983172354158285,0.0016702971744761428,0.000012467409695382123
0.9983178198778759,0.0016697135974225287,0.000012466524701583345
0.9983184555009039,0.0016690792155505524,0.000012465283545590043
0.9983168803209956,0.0016706559980281034,0.00001246368097626258
0.99831695762936,0.001670579864025907,0.000012462506614019917
0.998317192217366,0.0016703443295064656,0.000012463453127611748
0.9983168721563198,0.001670666049029016,0.000012461794651300355
0.9983179692316817,0.0016695691565664268,0.000012461611751913905
0.9983194505223079,0.001668089861728286,0.000012459615963884725
0.9983178820885472,0.0016696575331134067,0.000012460378339421642
0.9983169692650872,0.0016705703788626645,0.000012460356049962445
0.9983172086060783,0.0016703318625977688,0.000012459531323920659
0.998316960639849,0.0016705818246491545,0.000012457535501847173
0.9983204675284756,0.001667074723296754,0.000012457748227594059
0.9983168408951639,0.001670702351029834,0.000012456753806132115
0.9983172850925223,0.001670257104193968,0.000012457803283769659
0.9983166998916467,0.0016708427172213915,0.00001245739113191458
0.9983204344115638,0.0016671095093788257,0.000012456079057485473
0.9983165565523037,0.0016709893444656846,0.0000124541032307971
0.9983166711494366,0.0016708738312856137,0.000012455019277900745
0.9983180928768088,0.0016694521793982884,0.00001245494379295943
0.9983194796328874,0.0016680669260311397,0.00001245344108167916
0.9983215529414751,0.001665996131151873,0.000012450927373049165
0.9983174340525259,0.0016701143828337813,0.000012451564640250639
0.998322876571658,0.001664672196000891,0.000012451232341286728
0.9983226600888887,0.0016648912157467975,0.000012448695364534305
0.9983201357294055,0.0016674136917389601,0.000012450578855508282
0.9983238649522587,0.0016636860361048899,0.00001244901163642689
0.9983232957335859,0.0016642549555666369,0.000012449310847290373
0.9983179250912323,0.0016696292168599085,0.000012445691907775415
0.9983179538609364,0.0016696006853901978,0.000012445453673513347
0.9983236189204251,0.0016639363904409703,0.000012444689133770012
0.9983252856321921,0.0016622687190448323,0.000012445648762961224
0.9983148731519086,0.0016726815003994,0.000012445347692048711
0.9983165489052903,0.001671008488759975,0.000012442605949598985
0.9983215552611032,0.0016660020031541497,0.00001244273574270725
0.9983194696820981,0.0016680888121922291,0.000012441505709565576
0.9983219773384542,0.001665579200713424,0.000012443460832174884
0.9983196210481388,0.0016679365605047028,0.000012442391356396704
0.9983269905223754,0.0016605681865418742,0.000012441291082818724
0.9983258765102658,0.0016616829978080836,0.000012440491925972512
0.9983290394060814,0.0016585190950725523,0.000012441498845913609
0.9983124060842331,0.0016751523163702922,0.000012441599396537336
0.9983132748553294,0.0016742872083677337,0.000012437936302842688
0.9983137447828839,0.0016738177712176084,0.000012437445898387893
0.9983278329429903,0.0016597267822060357,0.000012440274803597456
0.9983302000397853,0.0016573599880050206,0.000012439972209645731
0.9983314277050627,0.0016561361670450988,0.000012436127892072325
0.9983148794205182,0.0016726843632992139,0.000012436216182583004
0.9983307364740203,0.0016568273453633805,0.000012436180616155339
0.9983179214434087,0.0016696433852399705,0.00001243517135140062
0.9983165550991754,0.0016710107680620902,0.000012434132762745664
0.9983274909709694,0.001660072002694053,0.000012437026336642168
0.9983284821626999,0.0016590823258503112,0.000012435511449703696
0.998311530695888,0.0016760342673730196,0.000012435036738950099
0.9983282539866563,0.0016593138580906577,0.000012432155252973116
0.9983265520792177,0.0016610172981772586,0.00001243062260485226
0.9983101556790919,0.001677411948564992,0.000012432372343077114
0.998314790726082,0.00167277980887371,0.00001242946504430672
0.9983268647907289,0.0016607048802621091,0.00001243032900915565
0.9983336209112452,0.0016539507304079994,0.000012428358346844653
0.9983317028739673,0.0016558686708250546,0.000012428455207577606
0.9983220696192135,0.0016655041262239204,0.000012426254562405612
0.9983116663707999,0.0016759075631521748,0.000012426066047935358
0.9983159572829948,0.0016716177981060721,0.000012424918898935841
0.9983327155814307,0.0016548575712539385,0.000012426847315238668
0.9983186470530073,0.0016689296520169953,0.000012423294975466136
0.9983229730805198,0.0016646033400086481,0.000012423579471563635
0.9983185553566529,0.0016690222320390124,0.000012422411308191711
0.9983324909194278,0.0016550874897462101,0.000012421590826102572
0.9983247033222096,0.0016628730938156918,0.000012423583974721417
0.9983211762129136,0.0016664033639650579,0.000012420423121290222
0.9983262670519687,0.0016613127331662472,0.0000124202148652105
0.9983308574401403,0.001656722309190652,0.000012420250669032174
0.9983146723782208,0.0016729089496157039,0.00001241867216349251
0.9983299356669727,0.0016576470529970193,0.000012417280030208137
0.9983284416803067,0.0016591392351110032,0.000012419084582223537
0.9983277178141094,0.0016598656864492572,0.00001241649944134391
0.9983300839209873,0.001657497950662401,0.000012418128350454941
0.9983170828544319,0.0016705007696987358,0.000012416375869407333
0.9983296022362812,0.001657983538830901,0.00001241422488769434
0.9983280118126074,0.0016595745558706943,0.000012413631521838578
0.9983290671069933,0.0016585195655978388,0.000012413327408705803
0.9983243811621042,0.00166320455667141,0.000012414281224457121
0.9983238861824218,0.0016637007473337228,0.000012413070244442593
0.9983186485396299,0.0016689407458702348,0.000012410714499839603
0.9983189935435329,0.001668594195976718,0.00001241226049046816
0.9983249945296152,0.0016625959411426324,0.000012409529242168457
0.9983229049623951,0.0016646852283710284,0.000012409809233751558
0.9983282640312157,0.001659325854312584,0.000012410114471770597
0.9983280704582004,0.0016595215150776057,0.000012408026721976566
0.9983224395632764,0.0016651537627687429,0.00001240667395489407
0.9983266583312828,0.0016609357641052841,0.000012405904611879203
0.9983221237882142,0.0016654708438363494,0.000012405367949497249
0.9983231795139519,0.0016644154402276033,0.000012405045820558492
0.9983279482724949,0.0016596469494778098,0.000012404778027080866
0.9983218051645157,0.0016657900574067166,0.000012404778077409394
0.9983222863064186,0.0016653111063331615,0.00001240258724829022
0.9983219640326906,0.001665634249589558,0.000012401717719885662
0.9983268689683482,0.0016607285978677102,0.000012402433784079931
0.9983223796050967,0.001665220612752521,0.000012399782150807262
0.9983231409573505,0.0016644578426726184,0.000012401199976802596
0.9983229015215337,0.001664700094292654,0.000012398384173525896
0.9983276776212979,0.001659922894547268,0.000012399484154621021
0.9983242412879623,0.0016633613099322087,0.000012397402105623257
0.9983238775701134,0.0016637258617123408,0.000012396568174356552
0.9983266138186705,0.0016609892810096427,0.00001239690031972936
0.998325010975158,0.0016625935052203525,0.000012395519621529609
0.998327671123663,0.001659935336790551,0.000012393539546306663
0.998327692312118,0.0016599142302049495,0.000012393457677057888
0.9983253858821942,0.0016622210434905982,0.000012393074315163852
0.9983268823729798,0.0016607248369766385,0.000012392790043591792
0.9983248654068422,0.0016627426494988178,0.000012391943658906418
0.998325254217609,0.0016623546346136412,0.00001239114777733929
0.9983277835894191,0.0016598257740537347,0.000012390636527029998
0.9983250303870451,0.0016625800023095012,0.000012389610645311551
0.9983263995656618,0.0016612115376194727,0.000012388896718741246
0.998326088198384,0.001661524620489364,0.000012387181126733681
0.9983258612678659,0.0016617528397639934,0.000012385892369967362
0.9983274861722808,0.0016601293793200608,0.000012384448399139153
0.9983282504430026,0.0016593653375365793,0.000012384219460945383
0.9983283123736663,0.0016593030183277087,0.00001238460800597101
0.9983267776676518,0.0016608386777336264,0.000012383654614602272
0.9983279865464113,0.001659631451932936,0.000012382001655928513
0.9983266707938836,0.0016609475541978665,0.000012381651918316402
0.9983268959007633,0.0016607231682943817,0.000012380930942343403
0.9983284825456703,0.0016591377433064277,0.000012379711023359511
0.9983269959719869,0.001660625097151494,0.000012378930861663608
0.9983285626342766,0.0016590582656691713,0.00001237910005415516
0.9983287786017264,0.0016588453442683024,0.000012376054005151406
0.9983279105927919,0.0016597120960161733,0.000012377311191709695
0.9983280194489161,0.0016596054990642675,0.000012375052019753081
0.998327753309181,0.001659871496521416,0.000012375194297527465
0.9983284198963782,0.0016592070135690404,0.00001237309005268443
0.9983280296698485,0.0016595970263535975,0.000012373303798057227
0.9983284539266836,0.0016591746582776319,0.000012371415038887302
0.9983287460706565,0.0016588823327032649,0.000012371596640445704
0.998329617131194,0.0016580134214676326,0.000012369447338484887
0.9983297165835837,0.0016579137266750901,0.000012369689741227895
0.9983291344729851,0.0016584987580962353,0.000012366768918705108
0.9983290083229036,0.0016586247839295786,0.000012366893166931572
0.9983290730216646,0.0016585602221227843,0.000012366756212491282
0.9983297447672422,0.0016578911054512288,0.00001236412730664774
0.9983295990836715,0.0016580354482170327,0.000012365468111469115
0.9983291744500064,0.0016584615952797276,0.000012363954714000671
0.9983304532976369,0.0016571847487533687,0.000012361953609641987
0.9983298756113063,0.0016577630744500304,0.000012361314243576751
0.9983297051471413,0.001657933818887879,0.000012361033971029739
0.9983301158067461,0.0016575246611831586,0.000012359532070668692
0.9983308926054756,0.0016567482631382933,0.000012359131385965253
0.9983299995411663,0.0016576424404636527,0.00001235801837004775
0.9983307767496522,0.0016568665817628982,0.00001235666858489093
0.9983311604650781,0.001656485254931638,0.000012354279990313982
0.9983310936192051,0.0016565523057400825,0.000012354075054609963
0.9983305733661157,0.0016570730784829931,0.000012353555401401136
0.9983315404085088,0.0016561069882394276,0.000012352603251945789
0.9983308920186742,0.0016567555887389428,0.000012352392586960748
0.998331027741044,0.0016566220482652902,0.000012350210690803007
0.9983311396646515,0.0016565118926489362,0.000012348442699489796
0.9983314761041427,0.001656175665447962,0.000012348230409420485
0.9983321598763916,0.001655491325224886,0.000012348798383471514
0.9983317035060082,0.0016559501532418634,0.000012346340749973153
0.9983317541964079,0.001655898878790702,0.000012346924801523628
0.9983319981894494,0.0016556562971088088,0.000012345513441836722
0.9983319900643607,0.0016556657440415698,0.000012344191597771525
0.9983324664568541,0.0016551908536239636,0.000012342689521943367
0.9983327003107566,0.0016549599174391677,0.00001233977180428489
0.9983329252655365,0.0016547340483936827,0.000012340686069865888
0.9983326803082875,0.0016549805719535558,0.000012339119759070707
0.9983327789110342,0.0016548833948231438,0.00001233769414266258
0.9983331695538025,0.0016544930675474647,0.000012337378649968863
0.9983335828556906,0.001654080144884218,0.000012336999425305109
0.9983331458545907,0.0016545202226091204,0.000012333922800203546
0.9983337405520581,0.001653924642711219,0.000012334805230706616
0.9983339901071627,0.0016536757784389186,0.00001233411439846534
0.9983340944106066,0.0016535728013974248,0.00001233278799614246
0.9983342740738096,0.001653393780125402,0.000012332146064874083
0.9983340957746308,0.0016535745649628043,0.000012329660406350982
0.9983342155644932,0.0016534561815591039,0.000012328253947706576
0.9983343810444244,0.0016532919504092577,0.000012327005166247364
0.9983348322382393,0.001652840353252657,0.000012327408508024305
0.9983349114907522,0.0016527621296271219,0.000012326379620837783
0.998335082670528,0.001652592288749991,0.000012325040721892736
0.9983352039090775,0.0016524738995344769,0.0000123221913879876
0.9983349494142865,0.0016527297084165348,0.000012320877297074866
0.998335494123948,0.0016521852162631407,0.000012320659789022956
0.9983352297941891,0.001652449511584167,0.000012320694226716965
0.9983355680796006,0.001652113424536226,0.000012318495863319668
0.9983358449198747,0.0016518375477616164,0.00001231753236361897
0.9983359377199552,0.0016517443947276045,0.0000123178853172228
0.9983358856810237,0.0016517973887168675,0.000012316930259345426
0.9983361529933515,0.0016515338253392457,0.000012313181309229334
0.9983364430474689,0.0016512424477030912,0.00001231450482814328
0.9983365137371519,0.0016511738621241756,0.0000123124007238939
0.9983364591698096,0.001651231472230557,0.000012309357959873211
0.9983367038659474,0.001650988215046266,0.000012307919006332894
0.9983368629721346,0.0016508287890560013,0.00001230823880925514
0.9983369382350403,0.001650752464225939,0.000012309300733647456
0.9983372012976308,0.0016504933612166816,0.000012305341152455518
0.998337567819659,0.0016501251312154566,0.000012307049125539238
0.9983374191886745,0.0016502786833819236,0.00001230212794378444
0.9983377719847634,0.0016499265829809854,0.000012301432255665875
0.9983380367595749,0.0016496620663314309,0.000012301174093746614
0.9983381069037636,0.0016495931573617454,0.000012299938874412945
0.9983382557024528,0.0016494465734593127,0.00001229772408784131
0.9983384926246794,0.0016492092536268532,0.000012298121693563765
0.9983385691860566,0.0016491323250361414,0.000012298488907424797
0.9983385151862905,0.0016491906903698711,0.000012294123339552502
0.9983389652056245,0.0016487416558550508,0.000012293138520340813
0.9983388515729893,0.0016488532368425833,0.000012295190168121244
0.9983390999200767,0.0016486052691767022,0.000012294810746565377
0.9983393977284725,0.0016483086875573962,0.00001229358397023515
0.9983395884823854,0.0016481203820757943,0.000012291135538953174
0.9983397304233735,0.0016479831238425558,0.000012286452783883421
0.9983397842841772,0.0016479288484147509,0.000012286867407956142
0.998339806360912,0.0016479061957408267,0.000012287443347007355
0.9983401776367306,0.0016475367436639798,0.000012285619605483156
0.9983401875646394,0.001647531615371422,0.000012280819989110232
0.9983405305796431,0.0016471877519594934,0.000012281668397442013
0.9983404905429981,0.0016472269562424798,0.000012282500759515402
0.9983406423056038,0.0016470764735936137,0.000012281220802514776
0.9983408560803511,0.001646866514707503,0.00001227740494131134
0.9983410258995588,0.0016466995415584248,0.000012274558882783846
0.9983411333471417,0.0016465879776343295,0.00001227867522396753
0.9983413147186164,0.0016464112579112084,0.000012274023472431011
0.9983416638295829,0.0016460599243863913,0.000012276246030776517
0.9983416746839443,0.001646055977856891,0.000012269338198823405
0.998341943833492,0.0016457854800349453,0.000012270686473035534
0.998341964784242,0.0016457623934686566,0.000012272822289451713
0.9983423018329642,0.001645426266141021,0.000012271900894712662
0.9983424763105796,0.0016452540851626955,0.000012269604257799595
0.9983425720066236,0.0016451615975538957,0.000012266395822623533
0.998342727968417,0.0016450095935316602,0.000012262438051220549
0.998342930807206,0.001644803931805906,0.000012265260988168387
0.9983431535241477,0.001644583915751019,0.000012262560101187375
0.9983432492174795,0.0016444892781868024,0.000012261504333755429
0.9983433060562786,0.0016444354078276975,0.000012258535893825746
0.9983436596066931,0.0016440783436820277,0.000012262049624847767
0.9983436445028743,0.0016440962700279293,0.000012259227097774982
0.9983439767272525,0.0016437672646667425,0.000012256008080810515
0.9983440928362981,0.0016436533207260225,0.000012253842976000721
0.9983441598772824,0.0016435870508534512,0.000012253071864137907
0.998344348746408,0.0016433960956693716,0.000012255157922590651
0.9983445385874403,0.0016432063972154302,0.000012255015344331154
0.99834470241793,0.001643050964662156,0.00001224661740779862
0.9983448531495248,0.0016428973190951589,0.000012249531379873265
0.9983450503372735,0.0016427024546143833,0.000012247208112126825
0.9983453432503726,0.001642408284167825,0.000012248465459647473
0.9983454395998216,0.001642320123964276,0.000012240276214217461
0.9983455852074778,0.0016421695922194503,0.000012245200302785414
0.9983458241359789,0.0016419287500541917,0.000012247113966817737
0.9983459659047309,0.0016417902986517045,0.000012243796617514934
0.9983460787442165,0.0016416797141240963,0.000012241541659241896
0.9983463538322317,0.001641404332666052,0.000012241835102336667
0.9983465523191366,0.001641206008601341,0.000012241672262156396
0.9983466968493072,0.0016410651246224722,0.000012238026070389449
0.9983468448453501,0.0016409244353581068,0.000012230719291739114
0.9983470372344354,0.0016407293073040499,0.000012233458260502975
0.9983472394705533,0.0016405264576351845,0.000012234071811491153
0.9983474194207047,0.001640352878493772,0.000012227700801665995
0.9983475151170109,0.0016402536517456838,0.000012231231243242069
0.998347663966056,0.0016401061590584668,0.000012229874885485375
0.9983479564757717,0.0016398220796634336,0.000012221444564950422
0.9983480057468067,0.0016397696192467016,0.000012224633946489974
0.9983483027692712,0.001639469544435041,0.000012227686293825653
0.9983483652401451,0.0016394066378440087,0.000012228122011026911
0.9983486159064333,0.0016391566315489495,0.000012227462017899967
0.9983488288781359,0.0016389457811109567,0.00001222534075323375
0.9983489293910904,0.0016388480974517717,0.000012222511457765912
0.9983490752054995,0.0016387088192054671,0.000012215975295185757
0.9983492616529634,0.0016385283593054341,0.000012209987730999865
0.998349439751242,0.0016383425791532537,0.000012217669604634517
0.9983496207776862,0.0016381633907861393,0.000012215831527818046
0.9983497936398271,0.0016379989628809697,0.000012207397291911058
0.9983500094742945,0.0016377751243714695,0.00001221540133397497
0.9983502543474279,0.0016375392786368039,0.000012206373935217532
0.9983504024596161,0.0016373904713026981,0.000012207069081325508
0.9983505212465018,0.0016372661140458388,0.000012212639452248144
0.9983507906568985,0.0016370066877587782,0.000012202655342815423
0.9983508917069155,0.001636911078033057,0.000012197215051520705
0.9983511509620703,0.001636649117226506,0.0000121999207033252
0.998351239312604,0.0016365573917394636,0.000012203295656496484
0.9983515161800691,0.0016362810303905302,0.000012202789540246678
0.9983516591792989,0.0016361401256246597,0.000012200695076259917
0.9983517883836063,0.0016360151177205616,0.000012196498673246774
0.9983520032686575,0.0016358073105131414,0.000012189420829282718
0.9983522215337701,0.0016355902229391393,0.00001218824329084178
0.9983524275232315,0.0016353748605207846,0.000012197616247558449
0.9983526066709134,0.0016351965405508049,0.00001219678853572497
0.9983527909540757,0.0016350264587030976,0.00001218258722121232
0.9983529696771829,0.0016348348594706122,0.00001219546334645069
0.9983531253769343,0.0016346913622100228,0.00001218326085576412
0.9983532752118701,0.0016345339317662922,0.0000121908563634785
0.998353440859591,0.00163438040099905,0.000012178739410037588
0.9983536865129432,0.0016341217533844534,0.000012191733672369052
0.9983538744816329,0.0016339476017259078,0.000012177916641176734
0.9983539898078925,0.0016338348259886148,0.000012175366118900394
0.9983542572928236,0.0016335573840466793,0.000012185323129735737
0.998354370410319,0.0016334432149179587,0.000012186374763104516
0.9983546171806766,0.0016332039407681814,0.000012178878555086292
0.9983547384094767,0.0016330903773635478,0.000012171213159677767
0.9983549893819532,0.001632842750458912,0.000012167867587972464
0.9983551348326669,0.0016326991176934494,0.000012166049639754192
0.9983552976706268,0.0016325365019657023,0.000012165827407688611
0.9983555387520419,0.0016322914120823907,0.000012169835875702135
0.9983557318968769,0.0016320926366247947,0.000012175466498280846
0.9983558816008442,0.0016319421438594666,0.000012176255296316027
0.9983560503358955,0.001631784539541265,0.000012165124563182873
0.9983562223490501,0.0016316232015555973,0.000012154449394329022
0.9983564125971373,0.0016314197179037896,0.000012167684958888783
0.9983565998242986,0.0016312336856407416,0.000012166490060681563
0.998356783800964,0.001631065587847801,0.000012150611188154709
0.9983569872565912,0.0016308435600449972,0.000012169183363811405
0.998357189821945,0.0016306629190750658,0.000012147258980080632
0.9983574092286215,0.001630424017507142,0.000012166753871313292
0.9983575919454497,0.0016302643191365874,0.000012143735413651428
0.9983577308784787,0.001630107898975578,0.000012161222545658731
0.9983579325409332,0.0016299147504918526,0.000012152708574770266
0.998358159261347,0.0016297009454381687,0.00001213979321472298
0.9983583024730247,0.0016295412028726798,0.000012156324102507077
0.9983585119802736,0.0016293312338253863,0.000012156785901041758
0.9983587024199191,0.0016291560040196397,0.000012141576061159684
0.9983588782394867,0.0016289885471962122,0.000012133213317062548
0.9983590801907789,0.001628785038473976,0.000012134770747150806
0.9983592658012334,0.0016285936320089658,0.000012140566757446698
0.9983594372099535,0.001628418321205714,0.000012144468840718436
0.9983596661461199,0.0016281892092961726,0.00001214464458399963
0.9983598180876988,0.0016280386280496989,0.000012143284251474084
0.9983600032482869,0.001627857741766369,0.000012139009946788009
0.9983602356718202,0.0016276334540131715,0.000012130874166638467
0.9983604146466611,0.001627462523147429,0.000012122830191462013
0.9983605707797277,0.0016273093699583612,0.000012119850313918314
0.99836075953981,0.001627111879543645,0.00001212858064643061
0.9983609519857393,0.0016269058230562268,0.00001214219120447398
0.998361161210349,0.0016267049851498069,0.000012133804501091156
0.9983613609102369,0.001626526252372946,0.000012112837390012561
0.9983615514312141,0.0016263217631924216,0.000012126805593331625
0.998361749072609,0.0016261159516684986,0.00001213497572271865
0.9983619281004597,0.0016259640322731834,0.000012107867267323025
0.9983621139131691,0.0016257544988977806,0.000012131587933106808
0.9983622911542799,0.0016255947583580289,0.00001211408736213677
0.9983624709829118,0.001625408991075715,0.000012120026012688711
0.9983626769763364,0.0016252078140040305,0.000012115209659634963
0.998362885640492,0.0016249952152918121,0.000012119144216080969
0.9983630934199244,0.0016248014848432427,0.000012105095232373164
0.9983632561407474,0.0016246176067652017,0.000012126252487274695
0.9983634314081669,0.0016244726273437872,0.000012095964489340058
0.9983636651180957,0.0016242184100803449,0.000012116471823834057
0.9983638388528878,0.0016240444061062247,0.000012116741005933368
0.9983640127542283,0.0016238960336774654,0.000012091212094179064
0.9983642421178183,0.0016236534167247262,0.000012104465456838657
0.9983643960587187,0.0016234836669900734,0.000012120274291356188
0.9983646200972598,0.0016232744808872233,0.000012105421852971087
0.9983647890430075,0.0016231246854802922,0.000012086271512266355
0.9983649998625528,0.0016229143687251121,0.000012085768722000375
0.9983651744301344,0.001622728685437317,0.000012096884428438207
0.9983653891558775,0.0016225039333037756,0.000012106910818719465
0.9983655553884606,0.001622332934420519,0.000012111677118664315
0.9983657757618241,0.0016221131640148864,0.000012111074160872374
0.998365953130539,0.0016219390014547386,0.000012107868006065642
0.9983661371979622,0.001621756838380107,0.000012105963657706424
0.998366357082349,0.001621537919858364,0.000012104997792631498
0.998366539980743,0.001621355621917713,0.000012104397339224387
0.9983667081126582,0.0016211872813670194,0.000012104605974716348
0.9983669264652126,0.0016209716714664932,0.000012101863320871373
0.9983671334353049,0.0016207739368504612,0.00001209262784447528
0.9983673148626492,0.0016206070422361894,0.000012078095114721109
0.9983674972926256,0.0016204382050713615,0.000012064502302951076
0.9983676778304511,0.0016202582316804425,0.00001206393786837985
0.9983678836096627,0.0016200347445177307,0.000012081645819442371
0.9983680839781199,0.001619820275070826,0.000012095746809157221
0.998368284874793,0.001619636752677378,0.000012078372529491374
0.9983684900912702,0.0016194553574914786,0.00001205455123835186
0.9983686782811974,0.001619249480179204,0.00001207223862325004
0.9983688798129452,0.001619030586845195,0.000012089600209662207
0.9983690710037899,0.0016188719223952323,0.000012057073814883611
0.998369262212704,0.00161867687617699,0.000012060911119134307
0.9983694594890696,0.0016184548701973823,0.000012085640732866178
0.9983696412214045,0.0016183114039950094,0.000012047374600336265
0.9983698341279962,0.0016180944597590416,0.00001207141224478942
0.9983700177118261,0.0016179169856523562,0.000012065302521628584
0.9983702107150346,0.0016177396008005176,0.000012049684164986653
0.9983704203054244,0.0016175050501245438,0.000012074644451076876
0.9983706213582733,0.0016173383249152371,0.000012040316811412948
0.9983708272817999,0.0016170978000705795,0.00001207491812941986
0.9983710047990746,0.0016169588237393872,0.000012036377185911471
0.9983711864819869,0.0016167432345002026,0.000012070283513074067
0.9983713998113947,0.0016165607224536923,0.00001203946615174446
0.9983716023167062,0.0016163417478349802,0.000012055935458831115
0.9983717881628309,0.0016161580928888662,0.000012053744280360528
0.9983719715941509,0.001615995998184997,0.000012032407664199059
0.9983721886449651,0.0016157438821604666,0.00001206747287446349
0.9983723788558161,0.0016155921120460947,0.00001202903213764736
0.998372557035549,0.001615401730211381,0.00001204123423952243
0.9983727819225472,0.0016151565298133622,0.00001206154763952693
0.9983729532080932,0.0016150236404053448,0.000012023151501441173
0.9983731591374765,0.0016148088789949857,0.000012031983528556126
0.9983733609424966,0.0016145793746638847,0.000012059682839530588
0.9983735398138295,0.0016144259365860841,0.000012034249584373434
0.9983737592407116,0.0016142283663215559,0.000012012392966894964
0.9983739312357301,0.001614033333018261,0.000012035431251520806
0.9983741476739807,0.001613798173382802,0.000012054152636505
0.9983743291422007,0.001613634895178588,0.000012035962620741457
0.9983745366161149,0.0016134532783780486,0.000012010105506924585
0.9983747244273808,0.0016132670746992557,0.000012008497919953413
0.9983749264926638,0.001613046236447352,0.000012027270888815514
0.9983751212395173,0.001612834911303597,0.000012043849178958077
0.99837531416513,0.0016126414275514922,0.00001204440731858942
0.9983755201453692,0.0016124491662416918,0.000012030688389026216
0.9983757051714719,0.0016122821733434273,0.000012012655184620393
0.9983759091272228,0.0016120911979425217,0.00001199967483457393
0.9983761085879427,0.0016118971137080262,0.000011994298349163455
0.9983762940154488,0.0016117116053330556,0.000011994379218199246
0.9983764986168817,0.0016115038603912383,0.000011997522727009654
0.998376704965087,0.001611293189488457,0.000012001845424451104
0.9983768808387478,0.0016111135532783883,0.000012005607973736387
0.9983770857503766,0.001610906984328961,0.000012007265294451882
0.9983772983421565,0.001610694560733515,0.000012007097109904523
0.9983774791664151,0.001610515082414883,0.000012005751170088504
0.9983776741643552,0.0016103233354709786,0.000012002500173803032
0.9983778735212954,0.0016101293483361606,0.00001199713036846194
0.9983780820367416,0.001609927577767012,0.000011990385491464642
0.9983782797530997,0.0016097367066018407,0.000011983540298293443
0.998378460132167,0.001609562226345105,0.0000119776414880292
0.9983786612751588,0.001609364345441469,0.000011974379399635538
0.9983788581024274,0.001609164955786953,0.000011976941785584452
0.9983790645837252,0.001608948790184192,0.000011986626090698434
0.9983792690832978,0.0016087301772129883,0.00001200073948923886
0.9983794583803931,0.0016085290576596035,0.000012012561947267247
0.9983796584699437,0.0016083277371875605,0.000012013792868627771
0.9983798443769564,0.0016081553210513379,0.000012000301992379178
0.9983800402559484,0.001607982073266117,0.000011977670785486724
0.9983802405427009,0.0016077968305297243,0.000011962626769423813
0.9983804333336597,0.001607596398810989,0.00001197026752922457
0.9983806406615144,0.0016073650864561581,0.000011994252029336161
0.9983808339517789,0.0016071598400088122,0.000012006208212228586
0.9983810355812104,0.0016069777204016206,0.000011986698387961194
0.9983812377211688,0.001606804206468701,0.000011958072362574635
0.9983814301051883,0.0016066085099905579,0.000011961384821068992
0.9983816357321004,0.001606372795454019,0.000011991472445434033
0.9983818268735903,0.0016061782846517997,0.000011994841757806937
0.9983820265588484,0.0016060130111521399,0.00001196042999945276
0.9983822258648964,0.0016058227521496397,0.000011951382953815143
0.9983824160841038,0.001605598916882902,0.000011984999013545416
0.998382619995937,0.0016053940430982379,0.000011985960964695858
0.9983828098125875,0.001605242698784316,0.000011947488628011558
0.9983830094035097,0.0016050332502172903,0.000011957346273001369
0.9983832095995787,0.001604802126220945,0.000011988274200300709
0.9983834035470552,0.0016046401407036406,0.000011956312241155561
0.9983836130787721,0.001604443817306484,0.000011943103921384125
0.9983838087968951,0.0016042095518336585,0.000011981651271270259
0.9983840127936573,0.0016040306068700737,0.000011956599472679537
0.9983842125552824,0.001603849690385279,0.000011937754332237666
0.9983844013777411,0.001603620331289828,0.000011978290969210246
0.9983846022825866,0.0016034508119275774,0.000011946905485785944
0.9983847907447658,0.001603269445495791,0.00001193980973853668
0.9983849943531965,0.00160303124056057,0.000011974406242827419
0.9983852000326099,0.0016028698290684804,0.000011930138321486222
0.9983853966584788,0.001602649061821188,0.000011954279700024658
0.9983855998478856,0.0016024434310072224,0.000011956721107209125
0.998385784548563,0.0016022910677627872,0.000011924383674066772
0.9983859847781482,0.0016020480441804464,0.000011967177671304736
0.9983861904879494,0.0016018857661224976,0.00001192374592813776
0.9983863883992762,0.0016016610311043974,0.000011950569619426623
0.998386590123913,0.00160146938941102,0.000011940486676109822
0.9983867751793843,0.001601297580288231,0.000011927240327402552
0.9983869808109194,0.0016010653317381995,0.000011953857342322284
0.9983871868217974,0.001600899610673399,0.000011913567529165298
0.9983873765666338,0.0016006665860179782,0.000011956847348318243
0.9983875765142145,0.0016005142713523155,0.000011909214433168009
0.9983877730298355,0.0016002751084480595,0.000011951861716338843
0.9983879804277292,0.001600110082771611,0.000011909489499193413
0.9983881721498882,0.001599882542401463,0.000011945307710355746
0.9983883643518043,0.0015997252576498181,0.000011910390545872427
0.9983885790186833,0.0015994813420176163,0.000011939639299219074
0.9983887666100952,0.0015993246985042048,0.000011908691400419817
0.9983889638993292,0.001599099885570895,0.000011936215099907165
0.9983891706915863,0.0015989244327449272,0.000011904875668756612
0.9983893629430238,0.0015987013527412716,0.000011935704234817324
0.9983895632718658,0.0015985376400050795,0.000011899088129287512
0.9983897626213502,0.0015983014464309806,0.000011935932218795108
0.998389962615316,0.0015981446867589205,0.000011892697925121625
0.9983901569724161,0.001597907968156727,0.000011935059427133514
0.9983903595855101,0.001597750542184476,0.000011889872305566419
0.9983905592660434,0.0015975112835877841,0.000011929450368763854
0.998390751416404,0.0015973548351819094,0.000011893748414138395
0.9983909596772029,0.0015971251882430297,0.000011915134554156095
0.9983911501219008,0.0015969443400208393,0.000011905538078443347
0.9983913523537623,0.0015967526282711256,0.000011895017966690327
0.9983915544918219,0.001596526106528352,0.000011919401649569229
0.9983917448141892,0.0015963750109422496,0.000011880174868518405
0.9983919532346427,0.001596126539731509,0.000011920225625664303
0.9983921441653557,0.0015959718703021486,0.000011883964342258238
0.9983923473553307,0.0015957529501413447,0.00001189969452795858
0.9983925465142092,0.001595548947210431,0.000011904538580373231
0.998392742271589,0.0015953826026820581,0.000011875125729018
0.998392943703401,0.0015951431300613717,0.000011913166537439696
0.9983931413481246,0.0015949813028818393,0.000011877348993455659
0.9983933394443821,0.0015947715697561984,0.000011888985861679433
0.9983935413726812,0.0015945566064005832,0.00001190202091824086
0.9983937378904534,0.0015943964495356302,0.000011865660011028208
0.998393935424757,0.0015941646839177598,0.00001189989132539204
0.9983941397414539,0.0015939763755189059,0.000011883883027196215
0.9983943283934023,0.0015938050350691913,0.000011866571528513475
0.9983945417100817,0.0015935578164652203,0.000011900473452914389
0.9983947256760435,0.0015934049847864597,0.000011869339169840033
0.9983949370888715,0.001593193930637949,0.000011868980490430452
0.9983951272104344,0.0015929770749878982,0.000011895714577640744
0.998395330038448,0.0015928092178846163,0.000011860743667395757
0.9983955290781755,0.0015926020859264429,0.000011868835897736724
0.9983957267396013,0.0015923827901991882,0.000011890470199482065
0.9983959251487611,0.0015922193321304418,0.000011855519108564893
0.9983961278514532,0.001592008025537883,0.000011864123008934724
0.9983963192733422,0.0015917947576943037,0.000011885968963592301
0.9983965286698246,0.0015916179787443037,0.000011853351431255737
0.9983967172899708,0.001591426592815974,0.000011856117213169309
0.9983969225812572,0.0015911954213946593,0.000011881997348059703
0.9983971205445089,0.0015910244648745099,0.000011854990616802221
0.9983973140599707,0.0015908403930231972,0.0000118455470062485
0.9983975244548716,0.0015906009940112515,0.000011874551117017794
0.9983977097877601,0.0015904297022482643,0.00001186050999170691
0.9983979205236141,0.0015902425604168789,0.000011836915969021229
0.9983981118199325,0.001590027301263434,0.000011860878803980416
0.998398311553414,0.0015898211049088216,0.000011867341677153098
0.9983985166701926,0.0015896462733476192,0.000011837056459801033
0.9983987052925054,0.0015894533562016433,0.000011841351292941663
0.9983989151956609,0.0015892194569389808,0.000011865347400213816
0.9983991058308076,0.0015890460086852316,0.000011848160507320382
0.9983993072935138,0.0015888654249532482,0.000011827281532965217
0.9983995106652367,0.0015886420518158174,0.000011847282947318875
0.9983997001045612,0.0015884410031425174,0.000011858892296133104
0.9983999096131818,0.0015882570078654286,0.00001183337895257164
0.9984001003236868,0.0015880753834717327,0.00001182429284149099
0.9984003011110351,0.0015878514336349675,0.000011847455329865231
0.9984005061592623,0.0015876439322096985,0.000011849908527816838
0.9984006940273303,0.0015874819393111514,0.00001182403335863313
0.9984009041948718,0.0015872756026652857,0.000011820202462921403
0.998401096305486,0.0015870611023233309,0.000011842592190668306
0.9984012935243336,0.0015868629880993997,0.000011843487567194692
0.9984015018087692,0.0015866791566583945,0.000011819034572535329
0.9984016887121739,0.001586497430878376,0.00001181385694774295
0.9984018961354313,0.0015862696674741527,0.000011834197094516477
0.998402093377944,0.0015860674045732415,0.000011839217482593152
0.9984022870944279,0.001585895368962543,0.00001181753660949626
0.9984024943575606,0.0015856998915910357,0.00001180575084851658
0.9984026866951162,0.0015854917467191065,0.000011821558164782596
0.9984028884388999,0.0015852771627950547,0.000011834398305001964
0.9984030861562158,0.0015850933816866646,0.000011820462097616985
0.9984032850542424,0.001584913689283289,0.0000118012564743331
0.9984034855286825,0.0015847086906529309,0.000011805780664511889
0.9984036796002405,0.001584496653430524,0.000011823746328962254
0.9984038866834591,0.0015842892269964913,0.000011824089544297105
0.998404077575225,0.0015841177643389323,0.000011804660435948435
0.9984042777985283,0.001583929048883407,0.000011793152588500314
0.9984044838096208,0.0015837120454347037,0.000011804144944513815
0.9984046718355594,0.0015835093964901932,0.000011818767950279127
0.9984048780222087,0.0015833081994529202,0.00001181377833857165
0.9984050752020296,0.0015831298056313144,0.000011794992339129791
0.9984052714750193,0.0015829417429537157,0.000011786782026750352
0.9984054735734615,0.0015827285104180098,0.000011797916120189962
0.9984056682905064,0.001582520734018311,0.000011810975475383783
0.9984058740460625,0.0015823192237968621,0.000011806730140572518
0.9984060650559528,0.0015821454941249522,0.000011789449922318842
0.9984062656084488,0.001581954972205036,0.000011779419346210986
0.9984064709760628,0.0015817420803570644,0.000011786943580142146
0.9984066600640777,0.0015815394127327664,0.000011800523189519908
0.9984068649823464,0.0015813331422046444,0.000011801875448951685
0.9984070613113193,0.0015811503643512342,0.000011788324329465189
0.9984072605298691,0.00158096519652342,0.000011774273607602244
0.998407460773479,0.0015807652532989782,0.000011773973222105324
0.9984076530579074,0.001580561266184492,0.000011785675908270273
0.9984078617021422,0.0015803438677373385,0.000011794430120473236
0.9984080540158139,0.0015801564549211176,0.00001178952926501956
0.9984082511132014,0.0015799739170195997,0.000011774969778919628
0.9984084550687066,0.0015797803352074202,0.000011764596086080213
0.9984086489066294,0.001579583779335092,0.000011767314035599544
0.9984088536003849,0.0015793680722773716,0.00001177832733755316
0.998409044647529,0.0015791700433121594,0.00001178530915907994
0.9984092455421497,0.001578974206326181,0.00001178025152411372
0.9984094497092315,0.0015787832490107142,0.000011767041757720057
0.9984096403531773,0.0015786027298459707,0.000011756916976633487
0.9984098446109614,0.001578397930006318,0.000011757459032375568
0.9984100383805725,0.001578195021451676,0.000011766597975874389
0.9984102401575121,0.0015779852410263658,0.000011774601461653709
0.9984104414918927,0.0015777851083711067,0.000011773399736321998
0.9984106315016719,0.0015776053152302813,0.000011763183097826169
0.9984108378834448,0.0015774107297604543,0.000011751386794643482
0.9984110323203745,0.0015772210774290597,0.000011746602196244412
0.9984112325967037,0.001577016330283477,0.000011751073012680735
0.9984114323499448,0.0015768078224504241,0.000011759827604739717
0.9984116235619805,0.0015766115117360653,0.000011764926283262237
0.9984118311515762,0.0015764074028666712,0.000011761445557190436
0.9984120246967644,0.001576223907384298,0.000011751395851377329
0.9984122240233593,0.0015760348202425146,0.000011741156398304423
0.9984124236162099,0.001575839355273777,0.000011737028516272552
0.9984126159896847,0.0015756433342917547,0.000011740676023430709
0.9984128238112036,0.0015754280764938094,0.000011748112302575256
0.998413016455596,0.0015752302233487158,0.0000117533210550844
0.9984132156282279,0.0015750325519726855,0.000011751819799255898
0.9984134151955244,0.001574840860733513,0.000011743943742031396
0.9984136080187809,0.0015746578780345432,0.000011734103184729832
0.9984138156342386,0.0015744568642973226,0.000011727501464058046
0.9984140077424977,0.0015742649105759876,0.000011727346926445503
0.9984142071208639,0.0015740604314713911,0.000011732447664888697
0.998414406405529,0.0015738548489081549,0.000011738745562751002
0.9984145992359981,0.0015736590489935955,0.000011741715008339797
0.9984148066687869,0.0015734545105948472,0.000011738820618349547
0.9984149987300712,0.0015732699858899682,0.000011731284038840667
0.9984151986443678,0.0015730788503839175,0.000011722505248228626
0.9984153975323821,0.0015728859044494825,0.000011716563168555009
0.9984155900789137,0.0015726941582323566,0.000011715762853964472
0.9984157972132953,0.0015724833862738425,0.00001171940043068763
0.998415989420629,0.0015722857473837064,0.000011724831987364687
0.9984161901233365,0.0015720815402376583,0.000011728336425733312
0.9984163886713266,0.00157188373810332,0.000011727590570011922
0.9984165806823594,0.001571696861290717,0.000011722456350077012
0.998416787073547,0.0015714981802473877,0.000011714746205741818
0.9984169791896441,0.0015713131223494396,0.000011707688006315258
0.9984171808795202,0.0015711154340205388,0.000011703686459016854
0.998417379594378,0.0015709165585417063,0.000011703847080342767
0.9984175713722978,0.001570721321463105,0.000011707306238939606
0.9984177767088348,0.0015705116460953267,0.000011711645069818676
0.9984179680976552,0.0015703173936560744,0.00001171450868876907
0.9984181704827042,0.0015701155542961242,0.000011713962999698726
0.9984183698773584,0.00156992027327657,0.000011709849364922995
0.998418562361443,0.0015697342194560353,0.000011703419101096419
0.9984187670685895,0.0015695362968064601,0.000011696634604017457
0.9984189571697482,0.0015693510465129665,0.0000116917837388743
0.9984191591315775,0.0015691509445627553,0.000011689923859715076
0.9984193586196094,0.001568950214155027,0.00001169116623556772
0.9984195523810669,0.0015687532367099212,0.000011694382223048642
0.9984197576773831,0.0015685446743135083,0.000011697648303560182
0.9984199472246111,0.0015683533415707317,0.000011699433818067889
0.9984201481974401,0.0015681533283859006,0.000011698474174004793
0.9984203463363664,0.0015679588562150706,0.000011694807418607839
0.9984205403071462,0.0015677703778335433,0.000011689315020357584
0.9984207464581303,0.00156757022102082,0.00001168332084885476
0.9984209369268506,0.0015673845420942796,0.000011678531055142162
0.9984211383409755,0.0015671858553902651,0.000011675803634334857
0.9984213353232487,0.0015669891142061135,0.000011675562545104094
0.9984215282660059,0.0015667944117205839,0.000011677322273426604
0.9984217335784896,0.0015665865287715157,0.000011679892738866882
0.9984219242427191,0.0015663935650356976,0.000011682192245132766
0.99842212692717,0.001566190149070943,0.000011682923759136707
0.9984223245580292,0.0015659938261520265,0.000011681615818755275
0.9984225178848954,0.0015658038139190174,0.0000116783011854323
0.9984227222756996,0.001565604240666008,0.000011673483634401575
0.9984229116265185,0.0015654200331017732,0.000011668340379705037
0.9984231136838394,0.0015652226061379255,0.000011663710022822746
0.9984233110499635,0.0015650284071861797,0.000011660542850243468
0.9984235054683878,0.001564835314101403,0.000011659217510572819
0.9984237107448098,0.0015646297319653526,0.000011659523224822634
0.9984239004764434,0.0015644384077683855,0.000011661115788442406
0.998424102293978,0.0015642347227103962,0.000011662983311504791
0.9984242982363393,0.0015640373523094406,0.00001166441135140669
0.9984244917944248,0.0015638435126690137,0.000011664692906193843
0.9984246964486714,0.001563640185760453,0.00001166336556813061
0.9984248864846985,0.0015634528736326633,0.000011660641668881522
0.998425089417516,0.0015632538979486214,0.000011656684535444128
0.9984252859119817,0.0015630618408036484,0.000011652247214783288
0.9984254800169858,0.0015628719904627495,0.000011647992551495987
0.9984256840568339,0.0015626714971757245,0.000011644445990338509
0.9984258730675944,0.0015624847264740192,0.00001164220593156866
0.9984260751984678,0.001562283607917486,0.000011641193614777522
0.9984262708583327,0.0015620877432463275,0.000011641398421126094
0.9984264654070253,0.0015618922050840503,0.000011642387890634063
0.9984266700265243,0.001561686425221175,0.000011643548254507748
0.9984268598692296,0.0015614956158190622,0.000011644514951430188
0.9984270626825583,0.0015612926957595055,0.000011644621682147396
0.9984272578805966,0.0015610983803936254,0.000011643739009613074
0.9984274519600287,0.0015609062871684695,0.000011641752802707394
0.9984276554327146,0.0015607058337019873,0.000011638733583479428
0.9984278444711313,0.0015605203489867632,0.000011635179882062563
0.99842804716872,0.00156032152959229,0.000011631301687660267
0.9984282423224957,0.001560129983615598,0.000011627693888828907
0.9984284373186972,0.001559938006387647,0.000011624674914918131
0.9984286413093016,0.0015597362643638853,0.000011622426334434168
0.9984288307496938,0.0015595480341869384,0.00001162121611912473
0.9984290335133967,0.0015593457208074517,0.000011620765795639862
0.9984292277623342,0.0015591512082725745,0.000011621029393240284
0.9984294221742328,0.0015589561876556276,0.00001162163811156773
0.9984296251971068,0.0015587526170635407,0.00001162218582987627
0.9984298142300524,0.0015585632530625288,0.000011622516885117674
0.9984300172020617,0.0015583606321637512,0.000011622165774768185
0.9984302115764877,0.0015581672761941052,0.000011621147318195451
0.9984304068647561,0.0015579737792281185,0.000011619356015795112
0.9984306102069372,0.0015577729725727747,0.000011616820489920892
0.9984307994838632,0.001557586631622044,0.000011613884514756156
0.9984310024189716,0.0015573869980666046,0.000011610582961724787
0.9984311959364113,0.0015571967084303919,0.000011607355158395087
0.9984313907656963,0.0015570048615317126,0.000011604372771946648
0.9984315932348944,0.0015568049738604538,0.000011601791245232975
0.9984317821612587,0.0015566179409550124,0.00001159989778626996
0.9984319852102919,0.0015564162614776958,0.000011598528230357253
0.9984321787097542,0.0015562234743758973,0.000011597815869812527
0.998432374271051,0.0015560281731340731,0.000011597555814932876
0.9984325769796046,0.0015558254824980134,0.000011597537897356521
0.9984327662467638,0.0015556360376085343,0.00001159771562754503
0.9984329694317636,0.0015554328850754223,0.000011597683160951955
0.9984331623178616,0.0015552402377374051,0.000011597444400997902
0.9984333576000621,0.0015550456283911934,0.000011596771546794743
0.998433559451924,0.0015548449903252676,0.000011595557750779124
0.9984337482505093,0.0015546578130669092,0.00001159393642387376
0.9984339512460038,0.001554457003943333,0.000011591750052983833
0.998434143782938,0.0015542669376367444,0.000011589279425292475
0.998434339515358,0.001554073930002511,0.00001158655463942407
0.9984345414635478,0.001553874832583605,0.000011583703868719995
0.9984347307105214,0.0015536882695643187,0.000011581019914300545
0.9984349341020928,0.001553487460234579,0.000011578437672619384
0.9984351264282516,0.001553297319941849,0.000011576251806523684
0.9984353222675372,0.0015531033114423,0.000011574421020467033
0.9984355236015773,0.0015529034433389083,0.000011572955083898418
0.9984357124546148,0.0015527155752780148,0.000011571970107287546
0.9984359154631715,0.0015525133261601377,0.00001157121066846511
0.9984361070964812,0.0015523221223854337,0.000011570781133426052
0.9984363029471552,0.001552126593899007,0.000011570458945794975
0.9984365039613675,0.0015519259156616264,0.000011570122970686052
0.9984366930355355,0.0015517371740172718,0.0000115697904473617
0.9984368963941831,0.0015515344374019621,0.000011569168414986888
0.9984370880351698,0.0015513435885624687,0.000011568376267737706
0.9984372843771688,0.0015511483791367546,0.000011567243694385851
0.9984374852281624,0.001550949017206757,0.000011565754630988569
0.9984376743595145,0.001550761597827,0.000011564042658560403
0.998437877603514,0.001550560442845654,0.000011561953640520535
0.9984380686418285,0.0015503716131417865,0.000011559745029693413
0.9984382648397633,0.0015501777975313882,0.000011557362705409582
0.9984384650090564,0.0015499800920523118,0.000011554898891357409
0.9984386539235607,0.001549793525611394,0.000011552550827917953
0.9984388570351309,0.0015495927600167924,0.000011550204852408788
0.9984390477341334,0.0015494041421665974,0.000011548123700119084
0.9984392442374953,0.001549209544521574,0.000011546217983084788
0.9984394442601737,0.0015490112080363823,0.00001154453178990008
0.9984396334847304,0.0015488233367872174,0.000011543178482186493
0.9984398368438279,0.001548621197874362,0.0000115419582976229
0.9984400274048076,0.0015484315536651012,0.000011541041527255084
0.9984402241799412,0.0015482355790010743,0.000011540241057744222
0.9984404238099208,0.001548036662918269,0.000011539527160963374
0.9984406129624481,0.0015478480980177479,0.000011538939534113783
0.9984408160972185,0.0015476456678017046,0.000011538234979853535
0.9984410060872146,0.0015474563529400017,0.000011537559845220858
0.9984412027892452,0.0015472604937711856,0.000011536716983486104
0.9984414018323793,0.001547062466621939,0.000011535700998776718
0.9984415909130289,0.001546874508548257,0.000011534578422883155
0.998441793975644,0.0015466728659998647,0.000011533158356056507
0.9984419837018893,0.0015464846514185164,0.000011531646692125714
0.9984421807031759,0.0015462893932571141,0.00001152990356707207
0.9984423795374956,0.001546092467715488,0.000011527994788900592
0.9984425688825661,0.0015459050787331116,0.00001152603870071442
0.998442772083457,0.001545704016157087,0.000011523900385792455
0.9984429616415921,0.0015455165303687266,0.000011521828038973414
0.998443158883345,0.0015453214116017116,0.000011519705053290202
0.998443357321599,0.0015451250581507148,0.000011517620250458013
0.9984435466660175,0.0015449376479266582,0.000011515686055806773
0.9984437496769726,0.001544736561808463,0.000011513761218900672
0.9984439387681918,0.0015445491590612582,0.00001151207274709812
0.9984441359923085,0.0015443535397803253,0.000011510467911052533
0.998444333863051,0.0015441571311801032,0.000011509005769012671
0.9984445231554299,0.0015439690948274097,0.000011507749742641697
0.9984447260162751,0.001543767462720571,0.000011506521004470841
0.9984449148008411,0.001543579692946226,0.000011505506212533928
0.9984451122253102,0.0015433832641340442,0.000011504510555739808
0.9984453097818637,0.0015431866490039242,0.00001150356913223238
0.9984454992854681,0.0015429980015776905,0.00001150271295414087
0.9984457022038097,0.0015427960447402338,0.000011501751450033916
0.9984458908492858,0.001542608287601009,0.000011500863113300644
0.9984460885463433,0.001542411605446276,0.000011499848210373512
0.9984462857738712,0.001542215469379057,0.0000114987567498862
0.998446475403334,0.0015420269707202639,0.00001149762594575792
0.9984466782094562,0.001541825500503432,0.000011496290040277024
0.9984468665290974,0.001541638519684808,0.00001149495121778085
0.9984470642826049,0.0015414422856212281,0.000011493431773920626
0.9984472609779943,0.0015412472053785607,0.000011491816627314077
0.9984474505758435,0.0015410592620101783,0.000011490162146256452
0.9984476531466638,0.0015408585198883856,0.000011488333447786422
0.9984478411066801,0.0015406723384534088,0.000011486554866525871
0.9984480389332986,0.0015404764031829508,0.000011484663518338708
0.9984482351745716,0.001540282059425888,0.000011482766002598992
0.9984484248749693,0.00154009420480722,0.000011480920223625299
0.9984486273554326,0.0015398936429988532,0.000011479001568420644
0.9984488151374268,0.0015397076292847415,0.000011477233288543597
0.9984490131936826,0.00153951136231054,0.000011475444006998016
0.9984492091134681,0.0015393171479339805,0.000011473738597843617
0.998449399017568,0.0015391288277712236,0.000011472154660848091
0.9984496014417359,0.001538927999660227,0.00001147055860405902
0.9984497890561995,0.00153874178790585,0.000011469155894623069
0.9984499872881569,0.00153854495764382,0.00001146775419925111
0.998450182795693,0.0015383507566513828,0.00001146644765555691
0.9984503727913706,0.001538161959946956,0.000011465248682539135
0.998450575012682,0.001537960973346273,0.000011464013971823824
0.9984507623395639,0.0015377747267631805,0.000011462933672913482
0.9984509606218411,0.0015375775772633823,0.000011461800895515662
0.9984511556191494,0.0015373836730476055,0.000011460707802870412
0.998451345646678,0.001537194700565285,0.000011459652756559537
0.9984515476226028,0.0015369938817341724,0.000011458495663156191
0.9984517346848165,0.0015368078904404348,0.000011457424743025615
0.998451933056349,0.0015366107107073958,0.000011456232943605286
0.9984521276155136,0.0015364173603874048,0.00001145502409882795
0.9984523177730135,0.001536228431469247,0.000011453795517278855
0.9984525195932328,0.0015360279844920267,0.000011452422275149546
0.9984527065101924,0.0015358423893768668,0.000011451100430517138
0.9984529050625914,0.001535645306045408,0.000011449631363097674
0.9984530992637455,0.0015354525997361397,0.000011448136518388509
0.9984532896132094,0.0015352637706927096,0.000011446616097659023
0.9984534912938555,0.001535063743842446,0.000011444962302062195
0.998453678083009,0.0015348785386876836,0.000011443378303293917
0.9984538767869982,0.0015346815409780082,0.000011441672023785257
0.9984540705834133,0.0015344894382827484,0.00001143997830385664
0.9984542610637454,0.0015343006414724823,0.000011438294782135215
0.9984544625131692,0.0015341009625064015,0.000011436524324496362
0.9984546491065474,0.0015339160240969555,0.000011434869355649012
0.9984548478759538,0.0015337189873420552,0.000011433136704103164
0.9984550411963706,0.0015335273374635658,0.000011431466165798982
0.9984552317529533,0.0015333384023393265,0.000011429844707591599
0.998455432916202,0.0015331389055584144,0.000011428178239563316
0.998455619306501,0.0015329540325703791,0.000011426660928606746
0.9984558181344193,0.001532756773078335,0.000011425092502366305
0.9984560109988371,0.0015325653890478285,0.000011423612115043876
0.9984562016710712,0.0015323761371369036,0.000011422191791942466
0.9984564025841365,0.00153217667839505,0.00001142073746836719
0.9984565888436245,0.0015319917236074467,0.000011419432767978348
0.998456787786737,0.001531794143411012,0.000011418069852025353
0.9984569802596808,0.0015316029529669046,0.000011416787352297513
0.9984571711087628,0.0015314133474795804,0.000011415543757460662
0.9984573718078433,0.0015312139447183262,0.000011414247438339203
0.9984575579871098,0.0015310289386328572,0.000011413074257297664
0.9984577570621312,0.0015308311249956845,0.00001141181287291776
0.9984579491543955,0.001530640240184801,0.000011410605419787176
0.998458140177125,0.0015304504214030137,0.000011409401472146362
0.9984583406300139,0.0015302512532906728,0.000011408116695386488
0.9984585267106257,0.0015300663657191898,0.00001140692365499628
0.9984587258701525,0.0015298685173633388,0.00001140561248411648
0.9984589175381554,0.0015296781288492375,0.000011404332995425763
0.9984591086883571,0.001529488281692659,0.000011403029950311451
0.9984593088349986,0.001529289535006276,0.000011401629995225182
0.9984594947853017,0.0015291049095560384,0.000011400305142252513
0.9984596939841851,0.0015289071660191137,0.000011398849795869156
0.9984598852017738,0.001528717375175644,0.00001139742305072121
0.9984600764624834,0.001528527571372656,0.000011395966144157543
0.9984602762828152,0.0015283292998037677,0.000011394417381114318
0.9984604621172691,0.001528144934834602,0.000011392947896304172
0.9984606613601889,0.0015279472837067063,0.000011391356104360877
0.9984608521521223,0.001527758038857892,0.000011389809019741802
0.9984610435537146,0.0015275682034073365,0.00001138824287820123
0.9984612430702797,0.0015273703239538606,0.000011386605766387829
0.9984614288373395,0.0015271860972747215,0.000011385065385762622
0.9984616281535141,0.0015269884245067938,0.000011383421979053248
0.9984618185594241,0.001526799593008789,0.00001138184756703565
0.9984620101356728,0.0015266095935769712,0.000011380270750351288
0.9984622093647935,0.0015264119884809085,0.000011378646725609326
0.9984623950964436,0.001526227766730955,0.00001137713682549836
0.99846259449068,0.001526029968427605,0.000011375540892502966
0.9984627845203099,0.0015258414463346622,0.000011374033355218002
0.9984629762701518,0.0015256511966668604,0.000011372533181228476
0.9984631751921433,0.0015254538069609835,0.000011371000895757281
0.9984633608837055,0.0015252695266064994,0.000011369589687951878
0.998463560326314,0.0015250715755931615,0.0000113680980929293
0.9984637499596091,0.0015248833385584143,0.000011366701832667934
0.9984639418568072,0.0015246928333561666,0.000011365309836759775
0.9984641404340393,0.0015244956781526836,0.000011363887807925872
0.9984643260692133,0.0015243113501006368,0.00001136258068603721
0.9984645255262833,0.001524113287307127,0.000011361186409423233
0.9984647147468937,0.0015239253706674988,0.000011359882438786728
0.9984649067748379,0.0015237346564281567,0.000011358568733997516
0.998465104985902,0.0015235377967461198,0.000011357217351762105
0.9984652905684973,0.0015233534654285224,0.00001135596607419272
0.9984654900297134,0.0015231553563189559,0.000011354613967625016
0.9984656788476585,0.0015229678108352775,0.000011353341506208523
0.9984658710159403,0.001522776942652885,0.000011352041406772255
0.998466068865706,0.0015225804405948284,0.000011350693699102599
0.9984662544230309,0.001522396146601463,0.00001134943036765638
0.9984664538985066,0.001522198048087785,0.000011348053405692704
0.9984666423410476,0.0015220109114897173,0.000011346747462528497
0.9984668346712108,0.001521819929303489,0.000011345399485812393
0.9984670321723135,0.0015216238290144055,0.00001134399867218407
0.9984672177335908,0.0015214395943785625,0.000011342672030608917
0.9984674172305157,0.0015212415438617876,0.000011341225622365655
0.998467605318167,0.0015210548331561604,0.000011339848676779629
0.9984677978202336,0.0015208637567219394,0.000011338423044430084
0.9984679949713275,0.0015206680812658948,0.000011336947406639437
0.9984681805485549,0.0015204839077056288,0.000011335543739324405
0.998468380055351,0.0015202859222358239,0.000011334022413259874
0.9984685677899791,0.0015200996332696778,0.000011332576751349297
0.9984687604548443,0.0015199084618159782,0.000011331083339632982
0.9984689572373259,0.0015197132128305366,0.000011329549843625059
0.9984691428263066,0.0015195290812781098,0.000011328092415520773
0.9984693423177113,0.0015193311569917625,0.00001132652529704439
0.9984695296911699,0.001519145264007254,0.000011325044822838537
0.998469722502258,0.0015189539760861975,0.000011323521655878692
0.9984699188942605,0.0015187591342133895,0.000011321971526102863
0.9984701044901644,0.001518575006160028,0.000011320503675656585
0.9984703039436427,0.0015183771208000492,0.000011318935557348088
0.9984704909542571,0.0015181915804236632,0.000011317465319328987
0.9984706839033011,0.001518000139667197,0.00001131595703164477
0.9984708798942085,0.001517805672166089,0.000011314433625450004
0.99847106550426,0.001517621499227668,0.000011312996512351897
0.9984712649103277,0.0015174236237580768,0.000011311465914164367
0.9984714515706041,0.001517238388508802,0.000011310040887153586
0.9984716446626147,0.0015170467587858289,0.000011308578599378772
0.9984718402550902,0.0015168526361992972,0.000011307108710522389
0.9984720258977616,0.0015166683779052582,0.0000113057243330892
0.9984722252566092,0.001516470494917118,0.000011304248473624062
0.9984724115874679,0.0015162855318584844,0.00001130288067360667
0.9984726096907961,0.001516088874121512,0.000011301435082501017