0.9995593986048878,0.00025730839704987105,0.00018329299806281818
0.9982698742021358,0.0010050693129139508,0.0007250564849510581
0.9962258277507566,0.002173009190361476,0.0016011630588830188
0.9935766505370789,0.003651206249903002,0.0027721432130197797
0.990515439875432,0.005300220115764215,0.004184340008805318
0.9872644142933266,0.006963989901776675,0.005771595804898755
0.9840581305499745,0.008484351737052151,0.007457517712975809
0.9811257708810693,0.00971587750864831,0.009158351610285142
0.978673838986016,0.010539700362611263,0.010786460651375515
0.9768705721840525,0.010875072855913402,0.012254354960037484
0.9758332472286155,0.010687594235769262,0.013479158535618757
0.9756193383286017,0.009993328312481089,0.014387333358921076
0.9762221945562687,0.00885838878883901,0.014919416654896222
0.9775715620761416,0.007393964539144486,0.015034473384718462
0.9795389103652575,0.0057471593702864655,0.01471393026446065
0.9819471585189473,0.004088394618855112,0.013964446862202823
0.9845840653059137,0.0025964360423668007,0.012819498651724364
0.9872182699832243,0.001442331247357084,0.011339398769424127
0.9896167709098664,0.0007736600352619779,0.009609569054877209
0.9915625208028714,0.0007004962692207752,0.007736982927913971
0.9928708092101466,0.001284354995009219,0.005844835794850705
0.9934031950144984,0.002531161700801058,0.004065643284707373
0.9930779375152929,0.004388950511245246,0.0025331119734688877
0.9918761397699754,0.0067506016649990725,0.001373258565032994
0.9898431423289622,0.00946149867509342,0.000695358995952471
0.9870850646985307,0.012331558244943313,0.0005833770565337553
0.9837607586351426,0.01515069770966406,0.0010885436552017607
0.9800697839707283,0.017706489111781867,0.002223726917498244
0.976237317892784,0.01980253398376409,0.00396014812346089
0.9724971397791755,0.02127599842105768,0.006226861799776058
0.9690739783758455,0.022012784178308088,0.00891323744585585
0.9661665554195868,0.021958977583746226,0.011874466996676238
0.9639326062343156,0.02112750241089548,0.014939891354798734
0.9624770074882871,0.01959928374621613,0.017923708765507244
0.9618439066292354,0.017518677184916096,0.02063741618585913
0.9620134443987527,0.01508339516116983,0.022903160440088416
0.9629033142395225,0.012529630522898402,0.024567055237589983
0.9643750366690722,0.010113497323860214,0.025511466007079254
0.9662444704738441,0.008090244290294764,0.025665285235872873
0.9682957628076307,0.006692917950489997,0.02501131924189124
0.9702976811090551,0.006112239326704315,0.02359007956425273
0.9720210907296292,0.006479400473359602,0.021499508797023646
0.9732562567527854,0.007853286851746157,0.01889045639548145
0.9738286630577513,0.010213302207537604,0.015958034734724517
0.9736121550434297,0.013458538788080626,0.012929306168503112
0.972538415908086,0.017413530975651025,0.01004805311627643
0.9706020645033941,0.021840294746835926,0.007557640749783566
0.9678609944379767,0.02645583211017652,0.005683173451860891
0.9644319341595172,0.030953811940880344,0.0046142538996168025
0.9604815689372734,0.03502876581954173,0.004489665243199404
0.9562139006827116,0.038400891991088884,0.00538520732621453
0.9518548050790452,0.040839465032446065,0.00730572988852357
0.9476349561575399,0.042182914123365396,0.010182129719109796
0.9437724104125637,0.04235385696366587,0.013873732623786243
0.9404561666709892,0.041367744453030354,0.01817608887599624
0.937831942518566,0.03933425637958131,0.022833801101868823
0.9359912389620906,0.036451153697315414,0.027557607340610194
0.9349645150795326,0.03299089447121015,0.032044590449273935
0.9347189826851136,0.029280910435009806,0.036000106879893884
0.9351611811681545,0.02567897157105243,0.0391598472608104
0.9361441311635018,0.022545493290026572,0.04131037554648924
0.9374785199328511,0.020214928241744045,0.042306551825422804
0.9389470674094206,0.018968506639372343,0.042084425951224746
0.9403209827102998,0.019010532139351197,0.040668485150367195
0.9413772645459572,0.02045020576983487,0.03817252968422651
0.9419155370617398,0.02329055336602336,0.034793909572255664
0.9417731497737392,0.027425500949639983,0.030801349276639786
0.9408374034552571,0.03264551721064614,0.026517079334116046
0.9390539828700312,0.038651570696309354,0.022294446433679123
0.9364309654356576,0.045076484042961454,0.018492550521400995
0.9330381103292641,0.05151216162265103,0.015449728048105212
0.9290014897727398,0.057540669597319904,0.013457840629960745
0.9244938762015286,0.06276680012634411,0.012739323672148115
0.919721619116755,0.06684958474583545,0.013428796137430607
0.9149090094860554,0.06953025235295178,0.01556073816101436
0.910281317715567,0.07065435608995914,0.019064326194495464
0.9060477893610102,0.07018620635514598,0.023766004283865775
0.9023858836128571,0.06821431498496458,0.029399801402200675
0.8994279432840706,0.06494723641868728,0.035624820297264555
0.897251299007913,0.060699933785663934,0.04204876720644604
0.8958725488507809,0.05587154401967378,0.04825590712956797
0.895246437481638,0.050916107663917784,0.05383745485446769
0.8952694105025162,0.0463084106308616,0.058422178866645816
0.8957875659601386,0.04250750916901327,0.061704924870871744
0.8966083931840445,0.039920739586329156,0.06347086722964994
0.8975154039974393,0.03887102940963814,0.06361356659294712
0.8982845444993305,0.03957012166932824,0.06214533383136567
0.8987011432916905,0.04209991111504273,0.05919894559329151
0.8985761140642344,0.04640349911375101,0.05502038682203995
0.8977601895338434,0.05228684598332293,0.049952964482858984
0.8961551151954732,0.059431090148784456,0.044413794655768175
0.8937209635266621,0.06741477460351072,0.03886426186985297
0.8904790244608062,0.07574443707266368,0.033776538466556205
0.8865100636388806,0.08389134290527665,0.029598593455868957
0.8819480906774056,0.09133162362118703,0.02672028570143398
0.8769701188823453,0.09758677205335259,0.02544310906432886
0.8717826998530158,0.1022613647658172,0.02595593538119408
0.8666062584871151,0.10507504388367088,0.028318697629241392
0.8616584178343765,0.10588618497241044,0.032455397193241094
0.8571375768238045,0.10470527821136504,0.03815714496485852
0.853207981747776,0.10169681343867173,0.045095204813580585
0.849987416421985,0.0971693290151329,0.05284325456291023
0.8475384351499872,0.09155419407587914,0.06090737077416259
0.8458637924002995,0.08537457371368566,0.06876163388604438
0.844906404070585,0.07920680832250149,0.07588678760694305
0.8445538316297548,0.0736370596867168,0.08180910868355804
0.8446469383603425,0.06921648690604705,0.08613657473364039
0.8449920522558102,0.0664183799713524,0.08858956777286774
0.8453757066106778,0.06560058135090893,0.08902371203844359
0.8455808367920283,0.06697616996555027,0.08744299324245212
0.8454032044950018,0.07059479113219808,0.08400200437283116
0.8446668068561788,0.07633623264296767,0.07899696050088491
0.8432371079415787,0.08391692880793326,0.07284596325051985
0.8410310980268383,0.09290908994478811,0.06605981202840577
0.8380234288051738,0.10277117942433735,0.05920539177052139
0.8342481716187642,0.11288756929823253,0.05286425908303536
0.8297960782277203,0.1226144685939541,0.04758945317835838
0.8248075642484695,0.13132869447516426,0.04386374127639938
0.8194619583998225,0.13847558891634745,0.04206245268386326
0.8139638416809385,0.14361239643943383,0.04242376187966103
0.8085275184133381,0.14644371463283415,0.04502876695386163
0.8033607993925838,0.14684618967042104,0.04979301093702936
0.7986493259670191,0.14488041432234644,0.05647025971066885
0.7945426192679496,0.14078893864306216,0.06466844208902282
0.7911429047044819,0.13498035265350655,0.07387674264204644
0.7884975486221166,0.12800046659642278,0.0835019847814955
0.7865956680877442,0.12049261609721947,0.09291171581507152
0.7853691571875704,0.11314997909247856,0.10148086371998685
0.7846980381871815,0.1066634409237573,0.10863852088909687
0.7844197188323342,0.10166893104579601,0.11391135012190608
0.7843414427162816,0.09869824637199963,0.11696031091175514
0.7842549802006614,0.09813716165261369,0.11760785814676142
0.7839524408217692,0.10019411908690001,0.11585344009136746
0.7832420068328119,0.10488202291302527,0.1118759702542
0.781962397417673,0.11201469552655137,0.1060229070558129
0.7799949731253538,0.12121845148322263,0.09878657539146105
0.7772725723539077,0.1319580971658813,0.09076933048024886
0.7737844221829339,0.14357555424231364,0.08264002357479072
0.7695767653174963,0.1553383196547144,0.07508491502782749
0.7647491705113487,0.16649419058629403,0.06875663890239604
0.7594468208255257,0.17632816196525866,0.0642250172092542
0.7538493776643234,0.18421718947019233,0.06193343286552335
0.7481572757863992,0.1896786226296171,0.062164101584023204
0.7425764960710253,0.19240854567677365,0.0650149582522407
0.7373029744308132,0.19230698891140763,0.07039003665781911
0.7325078287134611,0.18948793836960243,0.07800423291697618
0.7283245192519264,0.18427320563167587,0.08740227511643825
0.7248389082294554,0.17717043794118395,0.09799065382940124
0.7220829599256623,0.16883675943476453,0.10908028063961399
0.7200325453683716,0.16003064475787582,0.11993680987379374
0.7186095022476228,0.15155555088131945,0.12983494687109937
0.7176877779786793,0.14419949903282142,0.13811272298854071
0.7171031750566543,0.1386751527637726,0.1442216721796148
0.7166659466850263,0.1355649499718415,0.14776910334317445
0.7161752775115572,0.13527551167583954,0.14854921081264533
0.7154345451190651,0.13800489037366992,0.14656056450730748
0.7142662029806807,0.1437252827897188,0.14200851422964358
0.7125251587536697,0.15218268429304904,0.13529215695332417
0.7101096402108382,0.16291369046108253,0.12697666932812263
0.7069687354903701,0.175278350723644,0.11775291378602942
0.7031060496535352,0.18850674844066811,0.10838720190584056
0.6985792161744447,0.20175591548763713,0.09966486833796227
0.6934953172862645,0.2141728702064437,0.0923318125073362
0.6880025770788776,0.22495906018740136,0.08703836273376547
0.6822789723864011,0.23343133743280167,0.08428969018084188
0.6765186375983026,0.23907480816593796,0.08440655423580447
0.6709171032338468,0.24158347013861364,0.08749942662758498
0.6656564922797403,0.2408854368035727,0.09345807091673261
0.6608917968318913,0.23715068579772502,0.10195751737042968
0.6567392709580158,0.23078057473114924,0.11248015431088132
0.653267810824175,0.22237974268389707,0.12435244649197434
0.6504939628383913,0.21271235725045187,0.13679367991120334
0.6483809226049876,0.2026458722451001,0.14897320514995901
0.6468415831531216,0.19308643751094307,0.16007197933598258
0.6457453834155468,0.1849107734420981,0.16934384314240258
0.6449284206511358,0.17889963511319618,0.17617194423571553
0.6442060451565259,0.17567791737958258,0.18011603746393923
0.6433869706561854,0.17566599509683464,0.18094703424702777
0.642287822987379,0.17904608299911365,0.17866609401355568
0.640747021207674,0.18574629609172227,0.1735066827006522
0.6386369408596905,0.19544377480644512,0.1659192843339133
0.6358734442476695,0.20758680765055465,0.15653974810182508
0.6324220666042029,0.22143444522340427,0.1461434881724422
0.6283004041553286,0.23611076231754807,0.135588833527173
0.6235765405581646,0.2506697916061439,0.12575366783574143
0.6183636497709204,0.26416631076776514,0.11747003946136471
0.6128112031515869,0.2757271810478135,0.11146161580064994
0.6070934645030844,0.28461784884333197,0.10828868665363416
0.6013961595866091,0.29029894275216656,0.10830489766127491
0.5959023411350522,0.2924686056717583,0.1116290531932405
0.5907785266953601,0.2910872445372872,0.1181342287674038
0.5861621607880947,0.2863826828574048,0.12745515635455223
0.5821513472310438,0.27883516676443904,0.13901348600456898
0.5787976204300671,0.2691431941548878,0.1520591854150973
0.5761022897857785,0.2581725940679648,0.16572511614630916
0.5740166172103067,0.24689256890112768,0.17909081388861825
0.5724457951307241,0.23630342674031618,0.19125077812901226
0.5712564036174448,0.22736139609503178,0.20138220028757636
0.5702867623650416,0.2209061776616623,0.2088070599733495
0.5693593760484597,0.2175967244775108,0.21304389947408323
0.5682945163908089,0.21786016211119522,0.2138453214980497
0.5669239026217896,0.2218578051026777,0.2112182922755868
0.5651034397421287,0.22947096420181856,0.20542559605610672
0.5627240509285463,0.24030776423387035,0.19696818483763784
0.5597197902801128,0.2537306146226662,0.18654959509727567
0.5560726331566057,0.2689024123041318,0.17502495453931752
0.5518135972283336,0.2848481282168678,0.16333827455485384
0.5470201283425222,0.3005272427395382,0.15245262891799516
0.5418099698957012,0.3149116437372796,0.143278386367075
0.5363320008929634,0.327063150030147,0.13660484907694592
0.5307547560681438,0.3362048099959114,0.13304043393600143
0.5252535141420569,0.34178055370509,0.13296593215290956
0.5199969446322159,0.34349861811101906,0.13650443725682201
0.5151343319904748,0.34135535764785263,0.14351031036172976
0.5107843464590184,0.3356375093849995,0.1535781441560396
0.5070262080567579,0.32690259436319896,0.16607119758010072
0.5038939032866785,0.3159387841182603,0.18016731259511906
0.5013738780549258,0.30370711947102286,0.1949190024741095
0.4994063631668609,0.2912703191471126,0.20932331768608473
0.49789021113787235,0.2797134553282038,0.22239633353398247
0.4966908561515984,0.27006242129640606,0.23324672255205425
0.4956507731110643,0.263206321450888,0.24114290543810668
0.4946016246882494,0.2598296578237103,0.24556871748809955
0.4933771610932889,0.2603594862089116,0.24626335269785923
0.49182588509948844,0.264931619260937,0.2432424956396344
0.48982251827363155,0.2733785436639691,0.23679893806245944
0.48727740118562035,0.2852400982196184,0.22748250059482156
0.48414312282720984,0.299796250445654,0.21606062672719684
0.4804178898055517,0.3161196394799596,0.20346247071454937
0.47614539737412287,0.3331440489938268,0.19071055363211134
0.47141123262532275,0.3497437499355877,0.17884501743915082
0.4663361046242883,0.364817803271198,0.16884609210457538
0.4610664367374226,0.37737300378921806,0.16156055947342104
0.45576305466876804,0.38659921094920197,0.15763773438209192
0.45058884484854017,0.39193134954723646,0.15747980560428587
0.4456963313544472,0.39309333389191514,0.16121033475370025
0.4412161202403508,0.39012050349143246,0.16866337626827962
0.437247088349221,0.38335875738414216,0.17939415426670022
0.43384905528564394,0.3734403190998821,0.1927106256145371
0.43103848316769094,0.3612378240539286,0.20772369277844402
0.4287875142126211,0.3478000633337209,0.22341242245372198
0.4270263992979877,0.33427411787001426,0.2386994828320623
0.4256491111487245,0.32181966800649,0.25253122084484975
0.42452169359322867,0.3115218843597934,0.26395642204704245
0.42349269183490484,0.30430944747096345,0.2721978606941968
0.4224048534966948,0.3008838928493976,0.2767112536539728
0.42110719789578926,0.30166565843844206,0.27722714366583395
0.41946652830033104,0.3067609825907662,0.27377248910896845
0.41737751014826185,0.31595225281576134,0.26667023703604265
0.41477055327372153,0.328712653843713,0.25651679288263124
0.41161690889360775,0.34424413889949396,0.24413895220696472
0.4079306089004659,0.3615359876104843,0.2305334034891166
0.403767119028631,0.3794396506610487,0.21679323031038722
0.399218829860728,0.3967543339202784,0.2040268362190608
0.3944077510345937,0.41231693885742043,0.1932753101080535
0.3894759859653889,0.4250896166197683,0.1854343974149106
0.38457473084111343,0.43423833958579666,0.18118692957315793
0.37985265009159763,0.4391965379421848,0.1809508119662858
0.37544452299642345,0.439708943769963,0.18484653323368197
0.3714610297182519,0.4358522509447296,0.1926867193370871
0.36798045225238657,0.42803092721631963,0.20398862053136274
0.3650429140801213,0.41694837622582925,0.2180087096941185
0.36264758368922356,0.4035555023908113,0.23379691392003424
0.36075303709604883,0.38898044082130945,0.2502665220827114
0.3592807309121447,0.37444464835467256,0.2662746207332527
0.3581212991191736,0.3611716012096456,0.280707099671251
0.3571431718208275,0.3502949289273514,0.29256189925189163
0.3562028391892698,0.34277288714270165,0.3010242736680991
0.3551559618227495,0.3393156255765486,0.3055284126007726
0.35386846883445566,0.34033077377500043,0.30580075739061513
0.3522267914312306,0.3458915137311512,0.30188169483768984
0.35014645162036423,0.35572963567555965,0.2941239127041478
0.3475783570886973,0.3692542055623151,0.2831674373490599
0.3445123337689121,0.38559454985750913,0.2698931163736511
0.34097764297379096,0.4036644296386451,0.25535792738763646
0.33704046346720545,0.4222426700916049,0.2407168664412624
0.33279855238215983,0.44006425502411567,0.22713719259379733
0.3283735145235402,0.45591508496460487,0.21571140051192805
0.32390129082276103,0.4687232945988954,0.20737541457841702
0.3195216098010138,0.4776402555237005,0.20283813467535966
0.31536722089531727,0.4821051383460691,0.20252764075868776
0.3115537399813184,0.48188811977943563,0.20655814023932045
0.30817088489049793,0.47710890622484076,0.2147202088847359
0.3052757666006351,0.46822908751970693,0.22649514587973285
0.30288873907608943,0.4560187954859987,0.2410924654379871
0.3009921102928491,0.4415000745608607,0.25750781514636556
0.2995317944811784,0.4258711306747314,0.2745970748441658
0.2984217583419724,0.41041707672492017,0.29116116493318334
0.297550899498486,0.3964138281381723,0.30603527236341765
0.2967918101971201,0.38503234076873866,0.31817584903421786
0.29601073738518485,0.37725038344569456,0.32673887916919714
0.295077962455623,0.37377849695202,0.33114354059243384
0.2938777966116119,0.37500574883809273,0.3311164545503727
0.2923174227128686,0.38096942588244403,0.3267131514047648
0.2903339085492698,0.3913510221005673,0.31831506935024106
0.28789886212366905,0.40549891302030894,0.30660222485610006
0.2850203851522418,0.4224761037752766,0.29250351107256023
0.2817421920258787,0.44112954989568676,0.2771282580785132
0.2781399814551191,0.46017591786466616,0.2616841006802936
0.27431535988619005,0.4782974010654884,0.24738723904840054
0.2703878031928118,0.49424043097224696,0.23537176583502054
0.26648529176872704,0.5069098831637436,0.2266048250676091
0.26273435270344375,0.5154516927177193,0.22181395457891698
0.25925028389095656,0.5193176418257568,0.221432074283367
0.2561283158516395,0.5183074019460929,0.22556428220234775
0.25343638957658765,0.512584605747806,0.23397900467568714
0.251210099173751,0.5026656643887314,0.24612423643759895
0.2494501768473591,0.48938208822891344,0.2611677349238093
0.2481226982882873,0.473819060713991,0.27805824099780385
0.24716197451488822,0.45723480605379535,0.29560321943139867
0.24647588809016838,0.4409667463162302,0.3125573655936839
0.24595324356475642,0.4263314523680062,0.32771530406732025
0.24547254842348856,0.4145258786666569,0.34000157290993754
0.24491153346097086,0.4065372963042038,0.34855117023490845
0.24415666843890782,0.40306870606425776,0.3527746254969179
0.24311193389330504,0.40448536960281495,0.3524026965039636
0.24170617234033645,0.4107865267538751,0.3475073009058727
0.23989845670495286,0.4216044872250248,0.33849705607010666
0.23768107137092875,0.4362312359924286,0.3260876926367274
0.2350798893408066,0.4536706270151008,0.3112494836441774
0.23215213281036046,0.47271231452480095,0.29513555266492386
0.22898170807630683,0.49202193008709916,0.27899636183667953
0.2256724932769757,0.5102407808446808,0.2640867258784296
0.22234011451578528,0.526087613439956,0.25157227204434485
0.2191028603877545,0.5384548151797908,0.24244232443254146
0.21607244814658302,0.546491823365791,0.23743572848771266
0.21334536207302135,0.549669456716359,0.23698518121070677
0.21099543576648067,0.5478202998861443,0.2411842643474623
0.2090682491865133,0.5411520579001005,0.24977969291347407
0.20757776645441797,0.5302328185798516,0.26218941496581827
0.20650546320477964,0.5159492664796517,0.27754527031565673
0.2058019966319361,0.4994409235456755,0.2947570798224769
0.20539127265496276,0.48201529694153816,0.3125934304035877
0.20517657833658717,0.4650502572108271,0.32977316445267485
0.2050482883013394,0.4498909410865165,0.34506077061223317
0.2048925337030399,0.4377488989205255,0.3573585673765241
0.2046001504725105,0.429611053831767,0.36578879569581224
0.20407520549539176,0.42616531858567824,0.36975947591902003
0.2032424361732165,0.4277484799489506,0.36900908387792336
0.20205302736305722,0.43432030063526134,0.36362667200177207
0.20048828280485595,0.44546582976688237,0.3540458874283527
0.19856091521519553,0.460425800549228,0.34101328423566757
0.19631386703314516,0.47815288687896357,0.32553324608798273
0.19381676756867977,0.49738964706045175,0.3087935853709602
0.19116031684884188,0.5167623488758619,0.2920773342753883
0.18844904738944626,0.5348836691305859,0.2766672834800601
0.1857930399596685,0.5504565833747087,0.26375037666571544
0.18329924854573276,0.5623716595077953,0.25432909194656494
0.18106311716786713,0.5697904510066699,0.24914643182555618
0.17916114503920197,0.5722087163335381,0.24863013862735356
0.17764497905741408,0.5694946941809503,0.2528603267617293
0.1765374900788805,0.5618995275066315,0.2615629824145825
0.17583113163133557,0.5500390135055897,0.27412985486316943
0.1754886991856085,0.5348480056669528,0.2896632951475333
0.17544641907503533,0.5175108466821298,0.3070427342429299
0.17561911347652925,0.4993730130296707,0.32500787349389565
0.175907025851486,0.4818405679760186,0.3422524061725912
0.1762037625159713,0.4662749427199974,0.3575212947641271
0.17640472054118697,0.45389092555535854,0.3697043539035504
0.1764153365225881,0.4456655084743299,0.3779191550031781
0.1761585075157487,0.4422644361308409,0.38157705635350714
0.17558060311492457,0.44399198318328637,0.3804274137018857
0.17465560075148073,0.4507677510875012,0.374576648161115
0.17338702577418713,0.4621322541016225,0.3644807201242878
0.17180755187399,0.4772809079312176,0.35091154019489007
0.16997630217869725,0.4951239047249721,0.3348997930964287
0.1679740723111923,0.5143675148466719,0.3176584128422344
0.16589685966364792,0.5336107449929252,0.30049239534352545
0.16384821533141233,0.551450124991879,0.28470165967680755
0.16193102626956427,0.5665847792750168,0.27148419445551814
0.16023937823383788,0.5779139103202366,0.2618467114460251
0.15885114169931983,0.5846193830173801,0.2565294752834001
0.1578218640136114,0.5862272093031735,0.2559509266833152
0.15718044630965233,0.5826433087271728,0.26017624496327535
0.156926941539339,0.5741608449850283,0.26891221347573374
0.15703264167896522,0.5614385668144202,0.2815287915067157
0.1574424410184326,0.5454517544958695,0.2971058044857993
0.15807928277494349,0.5274194275792915,0.31450128964586666
0.15885033221868625,0.5087132511839393,0.3324364165974766
0.1596543839554515,0.4907549534618454,0.3495906625828054
0.16038991460118782,0.4749099321541062,0.3647001532448085
0.1609631423281744,0.4623850183815115,0.37665183929041673
0.1612954554963906,0.45413805878710584,0.38456648571660684
0.1613296236590882,0.45080609557999024,0.38786428076102475
0.16103430153639692,0.4526575337297128,0.3863081647339944
0.16040647233786903,0.45957188954642575,0.380021638115809
0.1594716403170732,0.4710486495869102,0.36947971009612096
0.15828176072242844,0.48624458802369613,0.3554736512539802
0.1569110742849467,0.5040367578088507,0.3390521679063078
0.15545017893329402,0.5231064461242396,0.32144337494257175
0.15399881050190564,0.5420378121606092,0.3039633773375908
0.15265790585077468,0.5594238232443649,0.2879182709049665
0.15152157805822614,0.5739715565125403,0.27450686542933994
0.15066963977929143,0.5845989790241092,0.264731381196706
0.1501612670116276,0.590515956100409,0.2593227768880702
0.15003030487257676,0.5912834181680092,0.2586862769595216
0.1502825867468902,0.5868462520065987,0.26287116124661913
0.1508954786165341,0.5775374504980834,0.2715670708854906
0.15181968414087527,0.5640532081847122,0.28412710767452093
0.15298316703944206,0.5474008267341837,0.2996160062264828
0.15429687967836817,0.5288233315599861,0.3168797887617545
0.15566184371556754,0.5097064456057439,0.33463171067879743
0.156977021517434,0.4914748878550951,0.3515480906275803
0.15814735428885374,0.47548576340185267,0.3663668823094033
0.15909132942663892,0.4629270290191211,0.37798164155435
0.15974747659124824,0.4547286368807286,0.3855238865281337
0.1600792764924874,0.4514930080788047,0.38842771542881877
0.1600780917512376,0.4534500382407357,0.3864718700081376
0.15976388555284912,0.46043999863253204,0.37979611581472983
0.15918366881918344,0.47192560559800356,0.3688907255829246
0.1584077964849404,0.4870323458160369,0.3545598576991346
0.15752440396597356,0.5046140285256949,0.3378615675084438
0.1566324225739943,0.5233386472079632,0.3200289302181552
0.1558337257734494,0.5417881137356746,0.3023781604909892
0.1552250278135747,0.5585643914820637,0.2862105807044751
0.15489017684492806,0.5723940778237963,0.2727157453313893
0.15489345445203145,0.5822236063317663,0.2628829392163162
0.15527441491110136,0.5872979454510749,0.2574276396379384
0.15604467654835813,0.5872169103809106,0.256738413070846
0.15718692381147964,0.5819648849491885,0.26084819123944675
0.1586562041611402,0.5719117443519515,0.2694320514870235
0.16038342238415773,0.5577849280337208,0.2818316495822371
0.1622807607448891,0.5406147728283213,0.29710446642690563
0.16424860029626354,0.521657217784658,0.3140941819191945
0.1661833987992245,0.5022996839629214,0.3315169172379706
0.16798590358693166,0.4839571883047965,0.3480569081083887
0.1695690495437535,0.4679664766451364,0.36246447381122726
0.1708649154884717,0.455486103033813,0.37364898147783276
0.17183018495831642,0.4474099305866876,0.3807598844551138
0.1724496740726245,0.4443005174513133,0.38324980847618023
0.17273764072027722,0.4463473564588024,0.380915002821039
0.17273676389785525,0.4533530711218247,0.37391016498043883
0.1725148659153336,0.46474857402261016,0.3627365600621756
0.172159628902121,0.47963602367508973,0.34820434742290857
0.17177171647508266,0.4968563353519202,0.33137194817311694
0.17145683893780847,0.515076165988534,0.31346699507377773
0.17131738581149586,0.5328878404165422,0.29579477377208246
0.17144428598002232,0.5489147243166725,0.2796409897034261
0.17190974022855296,0.5619141499661231,0.266176109805445
0.17276140451337138,0.5708701933766884,0.25636840211006173
0.1740184899827475,0.5750693706628345,0.25091213935454004
0.17567009626539573,0.5741536091043035,0.2501762946304229
0.1776759195020639,0.5681465572408421,0.25417752325721676
0.17996928971449044,0.5574512998607161,0.2625794104249164
0.18246230806265729,0.542819687542102,0.2747180043953639
0.185052687841634,0.5252956156297313,0.2896516965287581
0.18763176690923727,0.5061365349337056,0.30623169815718104
0.19009306445569568,0.4867191003282739,0.32318783521615446
0.19234070925416075,0.4684360425643581,0.3392232481816058
0.1942970735683821,0.45259199526736327,0.3531109311643795
0.19590900640588194,0.4403060755933785,0.36378491800086493
0.19715216732940297,0.43242849924977544,0.37041933342094696
0.19803310932174606,0.4294774482478359,0.3724894424305437
0.19858893482775236,0.43160088330515034,0.3698101818672234
0.19888453938376421,0.4385661173848605,0.36254934323150173
0.1990076472945329,0.4497778835530133,0.3512144691525807
0.19906201868853365,0.4643234956160992,0.33661448569549446
0.19915935316226505,0.4810416739223062,0.31979897291555665
0.19941052051523206,0.49860984291177013,0.3019796365731258
0.19991680531851858,0.515643333347171,0.2844398613344385
0.20076185460134324,0.5307990428824191,0.2684391025163661
0.2020049663265576,0.5428757887241304,0.25511924494944066
0.20367625434743014,0.5509038485467657,0.24541989710593312
0.2057740809550758,0.5542170097811735,0.2400089092638799
0.208264972075158,0.5525017700923298,0.2392332578326418
0.2110860363118691,0.5458200532137342,0.24309391047452708
0.21414971248556286,0.5346037945401985,0.25124649297436913
0.21735048647037294,0.5196218603251864,0.2630276532045713
0.22057306149037284,0.5019218346754198,0.27750510383433846
0.2237013489995443,0.4827510847295913,0.2935475662709957
0.22662757922975713,0.463463056272385,0.30990936449798967
0.22926081703236365,0.4454158447476242,0.32532333822014425
0.231534211104382,0.4298706492916046,0.338595139604146
0.23341040005115,0.4178977090126055,0.3486918909363773
0.2348846398088918,0.4102967431995707,0.3548186169916706
0.23598539293425727,0.40753781501446734,0.35647679205140914
0.23677231757695863,0.409726995296362,0.3535006871268132
0.2373317972623491,0.4165993360183259,0.346068866719459
0.23777034604691324,0.42753961235707433,0.33469004159614685
0.23820639198682353,0.44162921234821606,0.3201643956650952
0.2387610718692532,0.45771559963123104,0.30352332849965097
0.23954875141864657,0.47449909389970196,0.28595215468178714
0.24066801107929645,0.4906304306318134,0.26870155828902587
0.24219380565512116,0.504811771618012,0.252994422727003
0.24417141871650644,0.5158935986632326,0.23993498262039736
0.24661269627028343,0.5229602511127761,0.2304270526170777
0.2494948691065274,0.5253977374468372,0.22510739344677294
0.25276207293131603,0.5229387955130849,0.22429913155573675
0.256329465360413,0.5156818930129314,0.2279886416267938
0.2600896354196291,0.504082819953033,0.23582754462747624
0.26392082028528824,0.48891958038102845,0.247159599333822
0.2676962998470496,0.4712332875513194,0.26107041260177005
0.27129424374330835,0.45224955525876126,0.2764562009980699
0.27460724556967975,0.4332863250120924,0.2921064294183674
0.27755079843926067,0.4156550665651937,0.30679413499568564
0.2800700438109272,0.40056276462932705,0.3193671915598862
0.28214425578905333,0.3890220232845164,0.32883372092657137
0.2837886960961907,0.38177598945365,0.33443531445030056
0.28505367741091825,0.37924366667673554,0.33570265591248755
0.28602088915507295,0.3814896465382176,0.33248946430685156
0.2867972533456903,0.3882204444215286,0.3249823022329232
0.2875067721601669,0.3988076276455087,0.31368560019446734
0.28828098818454806,0.4123359177339071,0.29938309408168784
0.28924879031885337,0.42767258494233823,0.28307862473895185
0.29052635400553034,0.4435528713973428,0.26592077459727037
0.29220799915536466,0.45867499689314645,0.24911700395163286
0.29435868291271566,0.47179760581534613,0.2338437112720827
0.29700872200764294,0.4818323553111663,0.22115892268133522
0.3001511700570159,0.48792473375618856,0.21192409618694077
0.303742071673763,0.4895171037661586,0.20674082456022375
0.30770359322475943,0.48638931586016165,0.20590709091522472
0.31192980666739184,0.47867393454591634,0.20939625878683835
0.3162946954360576,0.46684502979209125,0.2168602747719982
0.3206617760351,0.45168146960190236,0.22765675436314478
0.3248945996319948,0.434207554867714,0.24089784550043886
0.3288673248462432,0.4156155233648278,0.25551715178907686
0.3324745421081732,0.3971757901203659,0.27034966777160924
0.33563958264083305,0.38014168730245107,0.28421873005686443
0.33832065759181135,0.3656558527419458,0.29602348966639186
0.3405143367643785,0.35466526521954905,0.3048203980162216
0.34225607936787344,0.34785125008779505,0.30989267054448105
0.3436177557454811,0.34557963320899726,0.3108026110456717
0.344702331727314,0.3478746922594051,0.30742297601343127
0.3456361081206321,0.35441875825150887,0.2999451336280099
0.34655909970704074,0.3645773923288755,0.28886350796423493
0.3476142859383655,0.37744814848759134,0.27493756557419435
0.3489365576038347,0.391929175287743,0.2591342671085742
0.35064221260893685,0.4068024399224392,0.24255534746877636
0.35281981705368365,0.4208252851678104,0.22635489777865836
0.35552314747568464,0.43282343250996724,0.21165342001450094
0.35876677381564803,0.4417784659000705,0.19945476028443473
0.3625246421134956,0.4469032738520693,0.1905720840345888
0.3667317863900964,0.4476998575250568,0.18556835608500089
0.37128905818665403,0.4439952572350087,0.18471568457849158
0.37607052836724114,0.43595300693489375,0.18797646469802007
0.38093300716237655,0.42405937001811866,0.19500762281965986
0.38572696130065404,0.4090855013261517,0.20518753737334972
0.3903079946084384,0.3920284774858139,0.21766352790590343
0.3945480096562467,0.3740357063867687,0.23141628395714067
0.3983451870507714,0.35631845018696984,0.2453363627624152
0.40163200474434324,0.34006098457026,0.25830701068555356
0.4043806660361413,0.32633221299059506,0.26928712097342083
0.40660550084712765,0.3160063384197254,0.2773881607333043
0.4083621355347233,0.3096984852811751,0.2819393791842595
0.4097434743961548,0.30772001634062446,0.2825365092633791
0.4108727820654102,0.31005679147251114,0.27907042646223734
0.411894381265821,0.3163718813928669,0.27173373734147116
0.4129626673407387,0.3260324107614516,0.2610049218979691
0.41423027502286985,0.3381583998551237,0.24761132512216652
0.4158363033747329,0.3516898374642836,0.23247385916114366
0.4178955059380368,0.36546687161362473,0.2166376224484991
0.42048928438550315,0.3783170486086467,0.2011936670060111
0.4236591902555637,0.38914303447283904,0.18719777527175874
0.42740345060011636,0.3970042509371059,0.1755922984629395
0.43167680379299506,0.4011863483806824,0.16713684782648466
0.43639367877970087,0.40125338119171555,0.16235294002874598
0.4414344940282037,0.3970788738475455,0.16148663212441364
0.446654611122055,0.38885356742777893,0.1644918214503293
0.4518952709834181,0.3770693947138458,0.17103533430289974
0.456995684231813,0.3624810148139481,0.1805233009544024
0.46180535350749224,0.34604791156716574,0.19214673492550616
0.46619568226419245,0.3288614989553789,0.20494281878059312
0.47006997376563225,0.31206277476212274,0.21786725147241007
0.4733710424154596,0.2967567403156443,0.22987221726906135
0.47608583840731583,0.2839300109434356,0.23998415064941414
0.4782467125862029,0.2743777658791241,0.2473755215348389
0.47992920426716507,0.2686454512193369,0.25142534451366416
0.4812465010769282,0.2669895128757963,0.25176398604744216
0.48234097625883543,0.2693599858630852,0.2482990378782465
0.48337343557661205,0.27540611231210665,0.2412204521114485
0.48451088538543,0.2845044285435529,0.23098468607118486
0.4859137515834111,0.2958070817393258,0.21827916667743102
0.4877235266037119,0.30830663489959004,0.20396983849686676
0.49005179433084356,0.3209124064574973,0.18903579921182795
0.4929714825203011,0.33253255733127396,0.17449596014859414
0.4965110262617026,0.34215574356346806,0.16133323017499882
0.500651906650388,0.34892622394258177,0.1504218694072004
0.5053297726529364,0.3522068409161057,0.14246338643112819
0.5104390806335914,0.3516252371600096,0.1379356822065698
0.5158409160242843,0.3470999559534611,0.1370591280224258
0.5213734159015587,0.33884460239425973,0.13978198170435277
0.5268640087402698,0.32734989823203314,0.14578609302786896
0.5321425440957009,0.3133451206509715,0.15451233525349978
0.5370543117368319,0.2977419503154397,0.1652037379479009
0.5414719527813739,0.28156505202468246,0.1769629951941165
0.5453053448420861,0.265874676548211,0.18881997860987618
0.5485086933779781,0.25168713440081236,0.19980417222138294
0.5510842712230751,0.23989911194766286,0.20901661682943581
0.5530825018644986,0.23122147129500445,0.21569602684067118
0.5545983602713217,0.22612742562706542,0.2192742141017875
0.5557643467494627,0.22481887013128662,0.21941678311942547
0.5567405528665834,0.22721326131400257,0.21604618581958931
0.5577025636920997,0.23295188037942932,0.2093455559286468
0.5588281099910866,0.24142870749345247,0.19974318251563705
0.5602834843663521,0.25183759430666186,0.1878789213271626
0.5622107586269759,0.2632340671512505,0.17455517422195024
0.564716783722427,0.2746070232596341,0.16067619301811611
0.5678648223041695,0.2849548754803873,0.14718030221562084
0.571669467035822,0.29336040774521777,0.13497012521913856
0.5760952499188289,0.2990587429769998,0.12484600710434963
0.5810590678327663,0.30149338359605377,0.11744754857135863
0.5864362584808687,0.30035621724807676,0.11320752427123355
0.5920698811685524,0.2956086140499109,0.11232150478171632
0.5977825097793248,0.2874821816204673,0.11473530860038784
0.6033896499783657,0.27645928073969683,0.1201510692821175
0.6087137642532048,0.2632349215102566,0.12805131423671948
0.6135978370163431,0.24866304358986313,0.1377391193939746
0.6179174419328155,0.23369133150587612,0.14839122656148973
0.621590382993155,0.21928954288836405,0.15912007411866272
0.624583161631697,0.2063767740595302,0.1690400643089548
0.6269137609220284,0.19575312322746055,0.17733311585069345
0.6286505165842854,0.18804083712309105,0.18330864629280622
0.6299071421213831,0.18363927369318003,0.18645358418561966
0.6308342692122578,0.18269694107164228,0.18646878971628333
0.6316081320882334,0.18510256466728045,0.18328930324466997
0.6324172454496009,0.19049569008658565,0.17708706446399777
0.6334480824766071,0.19829585941115876,0.16825605811241853
0.6348708403913625,0.20774801278963673,0.15738114681918547
0.636826379314444,0.21798056983623237,0.1451930508495091
0.6394153356122685,0.22807172438522033,0.13251294000269667
0.6426902496277493,0.23711890863740498,0.12019084173503171
0.6466513216118486,0.24430618913941193,0.10904248924892584
0.6512461357904324,0.2489645586233991,0.09978930558635539
0.6563733914976289,0.2506206659285979,0.09300594257396036
0.6618903750338115,0.24903043425920451,0.08907919070717153
0.6676236196190063,0.24419518472572474,0.08818119565545705
0.6733819554353342,0.23635921742061988,0.09025882714423422
0.6789709661560868,0.2259892042558723,0.09503982958822928
0.6842077569562366,0.21373711036444287,0.10205513267950941
0.6889349105788746,0.20038958188828304,0.11067550753303164
0.6930325651118843,0.1868077268509676,0.1201597080373378
0.6964276857020654,0.17386190026115633,0.12971041403696817
0.6990998122691767,0.16236643591448532,0.13853375181652833
0.7010828306815676,0.15301922389804987,0.14589794542057327
0.7024626158068571,0.1463506213402577,0.15118676285307617
0.7033707085763153,0.1426854389273821,0.153943852496494
0.7039744918364057,0.1421207263911743,0.15390478177261188
0.704464598214891,0.14452086592727148,0.1510145358580297
0.7050404969118403,0.14953016664777619,0.145429336440576
0.705895348748221,0.15660183578690984,0.1375028154650621
0.7072012788487531,0.16504098270017545,0.12775773845126465
0.7090961891026635,0.17405828064217346,0.11684553025535649
0.7116731197875378,0.18283014467232683,0.10549673554032951
0.71497297970802,0.1905608369473192,0.0944661833448549
0.7189812110818457,0.19654181357930434,0.08447697533904477
0.7236286582244392,0.20020388394435096,0.07616745783140486
0.7287965903089919,0.20115834084889833,0.07004506884230521
0.7343255122915398,0.19922409061525542,0.06645039709340068
0.7400271085662753,0.19443889735872003,0.06553399407520069
0.7456984231927475,0.18705407142986094,0.06724750537758822
0.7511372071011293,0.17751318514477604,0.07134960775429174
0.756157269984497,0.16641659460671593,0.07742613540898434
0.7606026699585752,0.15447459506423353,0.08492273497738881
0.764359658184963,0.142452861315534,0.09318748049970066
0.7673654624156724,0.13111436441672203,0.10152017316780375
0.7696132304365865,0.12116217374626487,0.10922459581734732
0.7711527438740481,0.11318743642100611,0.11565981970514495
0.7720868329440868,0.10762638669200081,0.12028678036411194
0.7725637492310984,0.10472951303178377,0.12270673773731774
0.7727660616639459,0.10454505810889553,0.12268888022735888
0.7728969070326215,0.10691792123557811,0.12018517173200084
0.773164630267508,0.11150385943350358,0.11533151029918925
0.7737669755862677,0.11779773141585018,0.10843529299808286
0.7748760276673086,0.12517348532078143,0.09995048701211132
0.7766250490537199,0.13293273354927812,0.09044221739720369
0.7790982197627505,0.14035814919061582,0.08054363104683582
0.782324067942944,0.14676760136107384,0.07090833069618463
0.7862731026520634,0.1515649418386008,0.062161955509538624
0.7908598423324404,0.1542836592844259,0.05485649838333663
0.7959490993506251,0.15462020337283228,0.049430697276746115
0.8013660573076995,0.15245460153474036,0.046179341157763704
0.8069093883474555,0.14785698079408818,0.04523363085866034
0.8123664244869216,0.14107968932837622,0.04655388618490698
0.8175292379574074,0.13253580383546446,0.04993495820733268
0.8222104129853197,0.12276582676409337,0.05502376025079229
0.8262573111238934,0.11239524579235086,0.061347443083961034
0.8295637429581459,0.10208628272674004,0.06834997431531992
0.8320781525946519,0.0924875533680526,0.07543429403750171
0.8338076833635809,0.08418546731157016,0.08200684932505563
0.8348178038915989,0.0776610127130586,0.08752118339554958
0.835227509700595,0.0732551135211426,0.09151737677846954
0.8352004513002454,0.07114505387339227,0.09365449482656965
0.8349326498718097,0.07133359197558042,0.09373375815281758
0.834637722470548,0.0736514024467636,0.09171087508289646
0.8345307302564949,0.07777246797391052,0.08769680176980307
0.8348118708713398,0.08324106596573874,0.08194706316313048
0.8356512513056998,0.08950813721824291,0.07484061147626647
0.8371758990486717,0.09597414503941389,0.0668499559121247
0.8394600026873238,0.10203508390314128,0.05850491340974463
0.8425191308422846,0.1071281074687103,0.05035276168921536
0.846308878581514,0.11077332743089363,0.042917793987803
0.8507280558407172,0.11260867709917516,0.03666326706031887
0.855626188208683,0.11241530703906633,0.03195850475246239
0.8608147727946174,0.11013173755855428,0.029053489647039805
0.8660814456953807,0.10585587391815243,0.028062680386678942
0.8712059946356879,0.09983492594964298,0.028959079414881853
0.8759770077439271,0.0924441921494572,0.031578800106828495
0.8802078981630524,0.0841564995074065,0.03563560232975392
0.8837510883915451,0.07550477224561043,0.04074413936305793
0.8865092747841533,0.06704068549145946,0.04645003972460126
0.8884429113715172,0.059292609862618424,0.05226447876607883
0.8895733366911891,0.05272605447278198,0.057700608836243616
0.8899812962226934,0.04770957269349813,0.06230913108402309
0.8898009614483451,0.04448862951352125,0.06571040903834888
0.8892098881331469,0.04316928060086638,0.06762083126620204
0.8884156652103399,0.04371273371307948,0.06787160107679638
0.8876402581862143,0.04594101465264711,0.06641872716135447
0.8871032279576554,0.04955310860601318,0.06334366343654795
0.8870050937902458,0.05415015870717402,0.05884474750279695
0.8875121010717392,0.05926763650324829,0.05322026242523001
0.8887435507545774,0.06441190284309016,0.04684454640255014
0.8907626557855395,0.06909828782386329,0.0401390563908149
0.8935716246412608,0.0728877536487875,0.03354062171017017
0.8971113532940829,0.07541936579347325,0.027469280912662413
0.9012657585825636,0.07643616952609861,0.022298071891556633
0.9058704344064785,0.07580261843494018,0.01832694715880072
0.9107249840446313,0.0735123838585692,0.015762632097019388
0.9156081021299707,0.06968613417023659,0.014705763700012997
0.9202942697029994,0.06455965083177195,0.015146079465449339
0.9245708013670592,0.05846338370003167,0.016965814933129836
0.9282539544717693,0.051795185232346115,0.01995086029610563
0.9312028788425899,0.04498845453018057,0.023808666627450886
0.9333303468335576,0.03847823221354744,0.02819142095311663
0.9346094453549013,0.03266789519566653,0.03272265944965442
0.9350757158361138,0.027899001795574876,0.03702528236853394
0.934824571873946,0.024426543668374573,0.04074888445790274
0.9340041816086265,0.022401398085225777,0.043594420306371166
0.9328043456151038,0.02186118116780837,0.045334473217311565
0.9314422052266043,0.022730028197704113,0.04582776657591572
0.9301458576134382,0.02482712500032814,0.04502701738645811
0.9291371142277232,0.027883139761530812,0.042979746010970446
0.9286147061222386,0.031563109466831864,0.039822184411154336
0.9287392079365248,0.03549386432850532,0.035766927735194895
0.9296208242681001,0.039293761437487834,0.031085414294637553
0.931310967257686,0.04260236678393316,0.026086665958606824
0.9337982686650628,0.0451077795972601,0.02109395173790335
0.9370093350142265,0.04656952677722385,0.01642113820877598
0.9408141958259651,0.04683534624352995,0.012350457930731694
0.9450360396529631,0.04585069261264654,0.009113267734617512
0.9494645075020267,0.04366039392288429,0.006875098575316648
0.9538715429391218,0.04040251581875152,0.00572594124235426
0.9580286032674865,0.036295099670067894,0.0056762970626735776
0.9617239315148993,0.031616985846366595,0.0066590826389625575
0.9647785826046278,0.026684371145891738,0.00853704624970949
0.9670599896311806,0.021825047760659175,0.011114962608389234
0.9684920407318856,0.017352409349983885,0.014155549918359964
0.9690608997829552,0.013541280065111835,0.017397820152162964
0.968816125254466,0.01060743044952914,0.020576444296235168
0.9678669967905809,0.00869230852942998,0.023440694680219785
0.9663743215859729,0.00785406467725609,0.02577161373700175
0.9645383349654376,0.008065423079655387,0.02739624195513753
0.9625836058037193,0.009218394312189834,0.028197999884321905
0.9607420850637046,0.011135277849650687,0.02812263708687637
0.9592355774775356,0.013584913694896856,0.02717950882779956
0.9582589614217188,0.016302746770860965,0.02543829180765266
0.9579654268337071,0.019012996115765717,0.02302157705075982
0.9584548496615491,0.02145109257224229,0.02009405776644202
0.9597661851877627,0.02338457101421647,0.016849243798254247
0.9618744594197555,0.024630771381916647,0.013494769198561478
0.964692590470752,0.025070000391657014,0.010237409137824983
0.9680779067152513,0.02465320609529918,0.00726888718968363
0.9718428731094366,0.023403686002547056,0.004753440888250914
0.9757692183302512,0.02141284685191224,0.0028179348180714095
0.9796243974610714,0.018830519293966543,0.0015450832451973618
0.9831791474089123,0.015850764421594304,0.0009700881697285552
0.9862248085818005,0.012694456819490432,0.001080734598945066
0.9885891029881877,0.009590163796926697,0.0018207332151217415
0.9901491746637955,0.006754945575072734,0.003095879761367998
0.9908409044966701,0.004376670217243213,0.004782425286323462
0.9906637925743246,0.00259927507711016,0.0067369323488021
0.989681035898653,0.0015121292470608983,0.008806834854522841
0.9880147924135959,0.0011442839022402628,0.01084092368440133
0.9858369863083752,0.001463971595689779,0.012699042096172697
0.9833563469509993,0.0023832678212618603,0.01426038522797708
0.9808026590281799,0.003767396138276397,0.01542994483378221
0.9784094129051193,0.005447777597767932,0.016142809497351522
0.9763961658349297,0.0072376270815421575,0.016366207083767216
0.9749519471912466,0.008948707122618325,0.016099345686374507
0.9742209626148831,0.010407778309138747,0.015371259076217864
0.9742916787296199,0.011471338710145992,0.014236982560474011
0.9751901149568066,0.012037416630693005,0.01277246841274087
0.9768778512110168,0.012053455276646544,0.011068693512576989
0.9792549039020546,0.011519680051184127,0.009225416047002178
0.9821672546489846,0.01048773840685067,0.007345006944405567
0.9854184642659647,0.00905481399898675,0.005526721735290118
0.9887844955322924,0.007353806171365372,0.003861698296583835
0.9920306254024281,0.005540499638877259,0.0024288749589365154
0.9949291690380971,0.003778899685418562,0.0012919312767266987
0.9972766763494006,0.0022260546373040705,0.0004972690135377306
0.9989093013057297,0.0010177181553320998,0.00007298053918096544
0.9997151821494902,0.00025611726954352296,0.00002870058120960803
0.9996428964054258,8.963142793899236e-7,0.00035620728053853927
0.998705351164197,0.0002640195050947437,0.0010306293309520801
0.9969788141061395,0.0010090610564289899,0.002012124837675581
0.9945971580307363,0.0021549222494397294,0.0032479197200688203
0.9917417534883225,0.00358362343746181,0.004674623074460871
0.9886277731036144,0.005151459404911889,0.006220767491719165
0.9854879424492554,0.006702509763045323,0.007809547787944966
0.9825549653514244,0.008083287742103078,0.009361746906718165
0.980043951688437,0.009157208810910039,0.01079883950089876
0.9781361755012115,0.009817573898581428,0.012046250600453508
0.9769653905939036,0.009997889620484694,0.013036719785858257
0.9766077373821278,0.009678579038957665,0.013713683579161669
0.9770760031820898,0.008889451443067563,0.014034545375089304
0.9783186689746528,0.007707671490422601,0.013973659535172078
0.980223813826675,0.006251364919491293,0.013524821254081703
0.9826275809802314,0.0046693857275810135,0.01270303329243561
0.9853265648995854,0.003128114638297168,0.011545320462366093
0.9880931823619774,0.0017964307348978057,0.0101103869033735
0.9906928653832303,0.0008301732302817397,0.008476961386737277
0.9929017764024355,0.0003574725151038756,0.006740751082710096
0.9945237070776635,0.0004662724321155015,0.005010020490470259
0.9954048841909947,0.0011951928668864481,0.0033999229423682803
0.9954455647942594,0.002528606828479848,0.0020258283775109838
0.9946075458165557,0.004396451661431567,0.0009960025222630288
0.9929170224846467,0.0066788893435966905,0.0004040881720071562
0.9904625816751027,0.009215510036831168,0.00032190828831708975
0.9873884841004987,0.011818371986958313,0.0007931439127942551
0.9838837452122092,0.014287824091067061,0.0018284306969753301
0.9801678419624955,0.016429795371318476,0.0034023626664380405
0.9764741271361133,0.018073081842823413,0.005452791021315717
0.9730322056172633,0.019085130621143313,0.00788266376184585
0.9700506046874728,0.0193849181696267,0.010564477143153214
0.9677010474306833,0.01895173821187156,0.013347214357698336
0.966105516350655,0.01782903857173324,0.01606544507786511
0.9653270826691492,0.016122849493450827,0.018550067837653467
0.9653651915295097,0.013994796200253862,0.020640012270490313
0.9661557561007247,0.011650148473352955,0.022194095426177042
0.9675760498967538,0.009321791356236921,0.023102158747263662
0.9694540240168836,0.007251366954645634,0.023294609028725422
0.9715813418954435,0.005669105805365185,0.022749552299446602
0.9737291437670905,0.004774013097724418,0.021496843135440726
0.9756653475708892,0.004716085532496155,0.019618566896869846
0.9771721779087699,0.005582105255445283,0.017245716836040818
0.9780625985755637,0.007386296113028332,0.01455110531166431
0.978194408218893,0.01006675352596281,0.011738838255400856
0.977480936429097,0.013488101317368387,0.00903096225379138
0.9758975354745183,0.017450323089535893,0.006652141436203044
0.9734833814102308,0.02170320304735208,0.004813415542674322
0.9703384532554715,0.025965333676521686,0.003696213068264602
0.966615923476245,0.029946245451002287,0.0034378310730107157
0.9625105395513632,0.0333699213831564,0.0041195390657384765
0.9582438787505704,0.03599780300361534,0.005758318246072638
0.954047593597628,0.03764938987114357,0.008303016531487203
0.9501459160992534,0.038218685465341386,0.011635398435664593
0.946738743397124,0.037685039194062075,0.015576217409073147
0.943986582023498,0.03611735605510212,0.01989606192165951
0.9419984859614058,0.033671160456945515,0.02433035358190834
0.9408238960798075,0.03057856887045536,0.02859753504999728
0.9404489925433016,0.027131802320513557,0.032419205136445244
0.9407978299544829,0.023661407672540297,0.03554076237323769
0.9417381631779431,0.020510811887993047,0.03775102493432487
0.9430915174099366,0.01800916741643844,0.03889931517388638
0.9446467358840605,0.016444630221844607,0.03890863389435652
0.9461759768128146,0.01604022675547018,0.03778379643197717
0.9474519474788532,0.016934307872105054,0.03561374464930386
0.9482650715925367,0.019167265466095353,0.032567662941630215
0.948439292945033,0.02267572404620247,0.028884983009027306
0.9478453233433842,0.027294848914419065,0.02485982774245964
0.9464103377443389,0.03276877862265498,0.020820883633269588
0.9441233895303937,0.038768541412628574,0.01710806905724121
0.9410361434650766,0.04491620489813894,0.014047651637048388
0.9372588783941024,0.05081348478751906,0.011927636818642668
0.9329520693627058,0.05607264540850853,0.010975285229050195
0.9283141924503068,0.060347296030968854,0.01133851151898874
0.9235666800797327,0.06336064387547426,0.013072676045057737
0.9189371684082244,0.06492891425509395,0.016133917336947006
0.9146423055842943,0.06497798235510867,0.020379712060862448
0.9108714206861301,0.0635517567389758,0.025576822575159888
0.9077722858505114,0.060811475588323935,0.031416238561430554
0.9054400437155823,0.05702577616206352,0.0375341801226197
0.9039101311261731,0.05255212216358767,0.04353774671050525
0.9031557264659772,0.04781086589323597,0.049033407641052976
0.9030899050650563,0.04325382701317675,0.05365626792203371
0.9035723308866049,0.03932973816454936,0.05709793094911255
0.9044199701021945,0.03644920015250638,0.05913082974556655
0.905421009103816,0.03495187974269879,0.05962711115375302
0.9063509188331154,0.035078560539828156,0.05857052062732436
0.9069894471166001,0.03695032776636515,0.0560602251173028
0.9071372529496663,0.04055665322376354,0.05230609382683843
0.9066309263192714,0.04575348440003859,0.047615589280958666
0.9053552617593625,0.05227168091548618,0.042373057325420196
0.9032518637869454,0.05973534014800845,0.037012796065315455
0.9003234416088587,0.06768877397805786,0.03198778441335302
0.8966334777609777,0.07563020150870063,0.02773632073059137
0.8923013057779258,0.08304966425041811,0.024649029971925807
0.8874929790347416,0.08946829657468557,0.02303872439084312
0.8824086303019805,0.0944759275083542,0.023115442189935925
0.8772672853563284,0.09776406601280081,0.024968648631141146
0.8722902843506612,0.0991516286921997,0.02855808695741041
0.8676845673185329,0.09860128630419064,0.0337141463775475
0.8636270875988772,0.09622499665462,0.040147915746774274
0.8602515287593961,0.09227810548768771,0.0474703657531881
0.8576383236678883,0.08714227250553976,0.055219403826844135
0.855808722291948,0.0812983496124228,0.06289292809590145
0.8547233468498754,0.07529113521654263,0.06998551793385471
0.8542853325230152,0.06968858893614877,0.07602607854110906
0.8543478049054005,0.06503856197380026,0.08061363312107214
0.8547251179961325,0.06182634028298238,0.08344854172115838
0.8552069935544346,0.06043628818823537,0.08435671825760375
0.8555744853554458,0.06112061622203135,0.08330489842279679
0.8556165565834903,0.06397779518604536,0.08040564823073842
0.8551460153263049,0.06894243407441371,0.07591155059955575
0.8540136049284752,0.07578758396907899,0.0701988111027202
0.8521191886710509,0.08413948722912036,0.06374132410010391
0.8494191908347914,0.09350383281498305,0.05707697635050064
0.8459297416194684,0.10330167821904104,0.05076858016176601
0.8417252998710044,0.11291242656591106,0.04536227356336037
0.8369328702820946,0.12172066541992452,0.04134646429825695
0.8317222647018996,0.12916332929582403,0.03911440600255283
0.8262931552275059,0.13477357074705437,0.038933274025716356
0.8208599073883918,0.13821792490849572,0.040922167703389224
0.8156353469115141,0.1393238179576985,0.04504083513106436
0.8108146909641034,0.13809516896049528,0.051090140075678726
0.8065608588015374,0.13471471638034213,0.05872442481839823
0.8029922688582669,0.1295326998031462,0.06747503133886476
0.8001740379463537,0.12304256888167614,0.07678339317224792
0.7981132380864572,0.11584539563096383,0.0860413662828571
0.796758557493991,0.10860555532316585,0.09463588718312184
0.796004377911272,0.102000945502277,0.10199467658673013
0.7956989462118909,0.09667147553823909,0.10762957825014893
0.7956560093210916,0.09316974197298591,0.11117424870620177
0.795669021309526,0.09191769001983877,0.11241328867091487
0.7955268395969738,0.09317265394535174,0.11130050645795479
0.7950297178700395,0.09700549622706327,0.10796478590317757
0.7940043846147598,0.1032926755718641,0.10270293981365664
0.7923170692242228,0.11172303258511017,0.09595989819094819
0.7898834966515708,0.1218189670063065,0.08829753634240395
0.786675104228629,0.1329705764730676,0.08035431929858489
0.7827210227003141,0.1444803184283142,0.07279865887165353
0.778105685716479,0.15561492241232625,0.06627939187147679
0.7729622634488084,0.16566068556047184,0.061377050991002144
0.7674624315305272,0.17397797802377626,0.05855959044597906
0.7618032622842404,0.1800507941063641,0.05814594360967809
0.7561922404510958,0.18352751220440122,0.06028024734478586
0.7508315442413273,0.18424965085638909,0.0649188049025671
0.7459027842456062,0.18226628512191928,0.07183093063275801
0.7415533539473586,0.17783285300838675,0.08061379304453826
0.7378854194960107,0.17139425653083154,0.0907203239734419
0.7349483728980872,0.16355335772336094,0.10149826937883603
0.7327353075340981,0.15502709545694937,0.11223759700923694
0.7311837682408615,0.1465934175331188,0.12222281422630447
0.7301807034893846,0.13903295854230036,0.1307863379685997
0.7295712291251134,0.13306983865166094,0.1373589322235107
0.7291705258006328,0.12931607469659903,0.14151339950305386
0.7287779573018481,0.12822387024054802,0.1429981724578895
0.7281923320736994,0.13004949907894064,0.14175816884764594
0.7272271476380082,0.13483165557403942,0.1379411967882383
0.7257246632421257,0.14238607623670252,0.13188926052145822
0.7235677392250478,0.1523170191714126,0.12411524160382624
0.7206885548660275,0.16404491258411907,0.11526653255014037
0.7170735564459083,0.17684824707583482,0.10607819647854407
0.7127642754634582,0.18991668347817825,0.0973190410586509
0.7078539713690476,0.20241146388811523,0.08973456474312508
0.7024803698535635,0.21352861787393987,0.08399101227278474
0.6968150626408495,0.22256019681243105,0.08062474054700804
0.6910503855768931,0.22894887008674045,0.08000074433665488
0.6853847797375491,0.23233167334810978,0.08228354691462998
0.6800077512609266,0.23256948003480055,0.08742276870456178
0.675085571537707,0.22975981663898115,0.09515461182360123
0.6707487986166192,0.2242318826540819,0.10501931872958856
0.6670825581592776,0.21652397526292977,0.11639346657808235
0.6641203091460125,0.20734485579499434,0.12853483505928306
0.6618415522413065,0.19752182815834052,0.14063661960064333
0.6601736377858678,0.18793933413477718,0.1518870280796453
0.6589975187584258,0.17947262613871862,0.16152985510314624
0.6581569954530317,0.17292149475283086,0.16892150979442822
0.6574707356501626,0.16894907127393058,0.17358019307619812
0.6567461465516972,0.1680303879157423,0.17522346553285204
0.6557940382186412,0.1704146823748372,0.17379127940681366
0.6544429627751409,0.17610442874575505,0.16945260847939608
0.6525521430989192,0.18485283674802241,0.16259502015335078
0.6500220165089556,0.19618017790835376,0.1537978055829828
0.6468016042597645,0.20940787441652423,0.1437905213240039
0.642892162062475,0.2237079314610481,0.13339990647676997
0.6383468515714799,0.23816411032582008,0.12348903810299333
0.6332664759920299,0.2518403186597788,0.11489320534848493
0.6277916215703506,0.2638511082227932,0.10835727020714982
0.6220918180575575,0.27342896637722525,0.10447921556551107
0.6163525547890661,0.27998328436277004,0.10366416084845832
0.610761148024594,0.2831464714258129,0.1060923805498875
0.6054925378396379,0.2828036180271686,0.11170384413348824
0.6006960932160084,0.2791033257164191,0.1202005810678675
0.5964844223736079,0.27244872613870785,0.13106685148797934
0.5929250283983468,0.2634692021397827,0.14360576946216594
0.590035430114815,0.25297478784172606,0.1569897820437548
0.5877821019507457,0.2418965507641565,0.1703213472853936
0.5860832946919611,0.23121734600987034,0.18269935929846462
0.5848155038334849,0.221898096000582,0.19328640016622953
0.5838230761670884,0.21480512885849215,0.20137179497471625
0.5829302092026473,0.21064407253481296,0.20642571826283682
0.5819544197786527,0.20990534966255514,0.2081402305590894
0.5807204510546249,0.21282548086829045,0.20645406807738198
0.5790735588197943,0.21936724232207208,0.20155919885843113
0.5768911704769433,0.2292203220960251,0.19388850742732938
0.5740920387914473,0.2418225836632877,0.18408537754556326
0.5706422073854048,0.25640048881564,0.17295730379925367
0.5665573508469907,0.2720257739919031,0.16141687516140477
0.5619013302693988,0.2876842245214789,0.15041444520942118
0.5567810937103002,0.3023514466501515,0.14086745963984754