0.6817964980139726,0.2955319709481498,0.022671531037877724
0.6791453548847952,0.28534176469945144,0.03551288041575326
0.6877399068563711,0.28919234730825094,0.023067745835377917
0.6657146422694853,0.28594854380214857,0.04833681392836619
0.6772774545642055,0.28666363701738823,0.036058908418406414
0.6608705167729947,0.28653394695486034,0.05259553627214498
0.6616119164549858,0.28575392863215004,0.052634154912864196
0.6706483311915727,0.28446585714309547,0.04488581166533178
0.6654371381395672,0.28239302379539605,0.05216983806503671
0.6595597667207292,0.28480344700783633,0.0556367862714345
0.6814142664148124,0.29403392288354874,0.024551810701638893
0.673455529480807,0.2913184107427354,0.03522605977645753
0.6867217057551905,0.2880087480975346,0.025269546147274946
0.6640553065628251,0.2812045146821733,0.05474017875500154
0.6809255077688022,0.28642661021274596,0.032647882018451896
0.6785216915977981,0.2884988376751336,0.03297947072706838
0.664302315440841,0.2810974326580311,0.05460025190112786
0.6765911770904386,0.2912198376796913,0.032188985229870126
0.658229501640347,0.2835173144475625,0.05825318391209057
0.6684782443327097,0.283174509616736,0.04834724605055409
0.6721155395937696,0.28295026909534876,0.04493419131088165
0.6613617218039395,0.28517981701876277,0.05345846117729789
0.6618839842373858,0.2795694804186104,0.05854653534400375
0.6787746958862254,0.2861984965218282,0.03502680759194639
0.6730541815664659,0.2901960882981001,0.036749730135434124
0.6580239472629844,0.28275320408194515,0.0592228486550703
0.6835762231964594,0.288393722298048,0.028030054505492494
0.6646335187724242,0.27807030243727016,0.05729617879030549
0.6736246707942609,0.2844308261836565,0.04194450302208252
0.675164982966208,0.2905068784437531,0.0343281385900388
0.6574891253590952,0.2814136596044283,0.06109721503647634
0.6660599002997741,0.2784376299742998,0.05550246972592592
0.6687721277105662,0.28808270995954116,0.0431451623298927
0.6753481381441148,0.2821831513842106,0.04246871047167459
0.6608397045630836,0.2834523415952306,0.05570795384168572
0.6565373447494969,0.2828798499678122,0.06058280528269097
0.6770599168507085,0.29102417488915533,0.03191590826013618
0.6617619110555519,0.2847215685492308,0.05351652039521726
0.6591761899594665,0.27563374392324774,0.06519006611728592
0.6559138800019518,0.28261971293484073,0.06146640706320742
0.6779865334576859,0.2889147921895987,0.03309867435271548
0.6528607473384963,0.27989291328900695,0.06724633937249658
0.6567919608716811,0.2795355067922079,0.06367253233611095
0.6532297574629636,0.2789966727744151,0.06777356976262129
0.6787965352696947,0.28762026911111493,0.0335831956191902
0.6687841399467086,0.28756912991275024,0.043646730140541164
0.6810442157392794,0.2845505912608157,0.03440519299990468
0.655847002897777,0.27345672962036005,0.07069626748186296
0.6528296927318885,0.27934540576382416,0.06782490150428748
0.663841033450356,0.2769365585109772,0.05922240803866658
0.6546050769727186,0.27537367082939535,0.07002125219788596
0.6519990743771337,0.27633605642811165,0.07166486919475476
0.6702043870574891,0.28460814016460356,0.045187472777907224
0.6687640323675236,0.2793790337878438,0.05185693384463278
0.666616039747818,0.27718593527905244,0.05619802497312953
0.6632373883292301,0.28364441607929464,0.05311819559147525
0.6561770284186655,0.27763763224637666,0.06618533933495778
0.6500629961921328,0.2769324161644012,0.073004587643466
0.6724717997954909,0.2876542840388989,0.03987391616561017
0.6713946668463695,0.27886481413648534,0.04974051901714519
0.6748498833395972,0.28040358029191853,0.044746536368484274
0.6613414788625687,0.28140610206323136,0.05725241907419989
0.6704229304767398,0.2802686906944291,0.049308378828831004
0.6512470928131064,0.2777233616612285,0.07102954552566493
0.6699052465458878,0.2777782363131272,0.05231651714098525
0.6535171761348114,0.27118987756879415,0.07529294629639456
0.6679305027251876,0.2819081533363811,0.050161343938431496
0.6596830432430298,0.2735858510706472,0.06673110568632291
0.672238076517316,0.27868727877781707,0.049074644704866985
0.6457049959975564,0.27171899130465177,0.08257601269779197
0.6666736819430398,0.27754389831745363,0.05578241973950656
0.6618463162179696,0.27802927136857125,0.060124412413458984
0.6432584145975163,0.26654931339907995,0.0901922720034037
0.6667135716346516,0.28316314330166614,0.050123285063682195
0.6586294816075011,0.2725814276306505,0.06878909076184857
0.6569091411583344,0.27154211151663465,0.07154874732503096
0.668794932134851,0.2774930210438037,0.053712046821345436
0.6405691209361415,0.27328121943026845,0.08614965963358993
0.6661889903106838,0.2750938644036828,0.058717145285633425
0.6399064784783766,0.26809282521030353,0.09200069631131985
0.6324538309912613,0.26732240646396477,0.10022376254477391
0.6332938285387628,0.2657032537509723,0.1010029177102649
0.6452100562170103,0.2661826450323409,0.08860729875064868
0.6606659296622962,0.2786847269260272,0.060649343411676625
0.6385822471668279,0.2660980039426945,0.09531974889047763
0.6472768996715383,0.2745623698132477,0.07816073051521383
0.6376333311535005,0.26335671673608785,0.09900995211041157
0.6606647504403238,0.27310329566878583,0.06623195389089039
0.6292211988177085,0.263473974063633,0.10730482711865837
0.6326419354002979,0.26670163480312464,0.10065642979657749
0.6538217800438555,0.2756823412290094,0.07049587872713514
0.642621698215195,0.2702543012271059,0.08712400055769899
0.6213350277646791,0.2598786378255376,0.1187863344097834
0.6311511193618374,0.2617696284200023,0.10707925221816018
0.6541223086054,0.2692049444038553,0.0766727469907446
0.6359674953984553,0.2610686928600458,0.1029638117414988
0.6201140657071648,0.255015445831312,0.1248704884615231
0.6503958748439848,0.2681595106474618,0.08144461450855331
0.6139705322325711,0.25365440503692016,0.13237506273050867
0.6476258071061088,0.2667413524071714,0.08563284048671968
0.6142407781002476,0.25191268964956276,0.13384653225018975
0.6180795805640535,0.25387302378451193,0.12804739565143455
0.6308002649103063,0.2642167683188691,0.1049829667708247
0.6317882489583813,0.2658286891528238,0.10238306188879497
0.6250771595416087,0.2557698911986421,0.11915294925974938
0.5951755683656218,0.25156606362345113,0.15325836801092704
0.6289285521310206,0.2596085731600128,0.11146287470896661
0.5969625510127053,0.24418473156620604,0.15885271742108864
0.6183260389894263,0.2542970489285344,0.12737691208203944
0.6222120276569957,0.25476487685823745,0.12302309548476681
0.6007064824316787,0.24613745609842627,0.15315606146989494
0.5912214891221917,0.24945766240131328,0.159320848476495
0.5981767190312766,0.24417851132032162,0.15764476964840166
0.6124476160959252,0.25203569683687366,0.13551668706720119
0.5966382372276685,0.24657882213580193,0.15678294063652945
0.5770287045217297,0.2352059363334234,0.1877653591448468
0.5863385948170736,0.24477239131773315,0.16888901386519325
0.5954735079379072,0.24236762976832735,0.1621588622937655
0.5621850830273578,0.23086778414100287,0.20694713283163926
0.6025865994944518,0.24510955332443432,0.15230384718111395
0.5887391925001545,0.24516829744105792,0.1660925100587876
0.5900814831729728,0.23958496504937138,0.1703335517776559
0.5600808044180634,0.22774344840026134,0.21217574718167534
0.5485476992944953,0.22437542428790558,0.2270768764175991
0.5789712868869904,0.24007028456683357,0.1809584285461761
0.5438522522243332,0.2280507124281028,0.22809703534756381
0.5614571822893212,0.23161071261367638,0.20693210509700252
0.5190390804188758,0.21421440614873521,0.26674651343238903
0.5150645803487994,0.20961107639189924,0.2753243432593012
0.5462376034469298,0.22738988224560494,0.2263725143074653
0.5346130747891701,0.21619614601700196,0.2491907791938278
0.5262589176427596,0.21291527451389897,0.2608258078433415
0.5293449357467633,0.21903984101745655,0.25161522323578006
0.4799156127987627,0.194287811428878,0.32579657577235926
0.4695928608495561,0.1938474818458046,0.33655965730463927
0.5173483015369359,0.20919389912089215,0.27345779934217174
0.5104764830651195,0.20575059130975648,0.2837729256251241
0.45516744018884736,0.19048150870637237,0.3543510511047804
0.482918975484397,0.20159093851893276,0.3154900859966702
0.4548981150454914,0.1836384252118295,0.3614634597426792
0.4544856999896207,0.18461330293295192,0.3609009970774276
0.4218941661646815,0.1732172400925708,0.4048885937427477
0.4465949481546999,0.18195679297875134,0.37144825886654875
0.39658933879403074,0.16375196716012994,0.4396586940458393
0.41858975679780674,0.1723891929325889,0.40902105026960434
0.3945925488636851,0.16164327693761388,0.44376417419870107
0.36141682088718613,0.15015003730796522,0.4884331418048487
0.3919826011767306,0.15725487061552584,0.4507625282077434
0.391001159455091,0.16176722694706372,0.44723161359784536
0.38015192642841594,0.15506116382327673,0.4647869097483072
0.36695431661607,0.14978332938061836,0.48326235400331163
0.3091604829931213,0.12417903419945277,0.566660482807426
0.3343712669277919,0.13841127642261916,0.527217456649589
0.2859662250916085,0.11423330088644482,0.5998004740219468
0.32424196601300137,0.13049258365114508,0.5452654503358534
0.29649705518794384,0.1184206233998399,0.585082321412216
0.24993050558214264,0.10382724768264832,0.646242246735209
0.23597521618008863,0.09884673606260662,0.6651780477573048
0.24406974432201117,0.10172462353164663,0.6542056321463421
0.25978592449699706,0.10305730936562742,0.6371567661373756
0.2577213747917976,0.10614505120185184,0.6361335740063505
0.23109064237001434,0.09613809148075017,0.6727712661492354
0.18929599173728034,0.07704219779341578,0.7336618104693038
0.19373203455616267,0.07736400426667626,0.728903961177161
0.21686093246604712,0.08789987111105756,0.6952391964228953
0.1568160921435086,0.06572995156280433,0.777453956293687
0.19671356906156634,0.08160748915373656,0.721678941784697
0.16487948176349862,0.06602738964396547,0.769093128592536
0.13496034014491343,0.054963937882936895,0.8100757219721497
0.12822571941296165,0.05125031483609711,0.8205239657509412
0.12098695324000103,0.05089548848645234,0.8281175582735467
0.14411985828979273,0.06055291297564926,0.7953272287345581
0.13108660909237013,0.05488528236040876,0.8140281085472211
0.13512136474982855,0.05442683155625433,0.8104518036939172
0.10291165344220811,0.0408314822391036,0.8562568643186884
0.09454661231476344,0.03956085190794215,0.8658925357772945
0.11181741539257409,0.045443955838009475,0.8427386287694164
0.11041217111938775,0.04305682968304677,0.8465309991975656
0.10315548599834608,0.040711721968393934,0.8561327920332599
0.07912237249844414,0.03136741675683116,0.8895102107447247
0.08126785460819931,0.03168231340773354,0.8870498319840671
0.10258606856377997,0.04033536108645647,0.8570785703497636
0.06029859852508817,0.025730042888102416,0.9139713585868096
0.07371534733975947,0.029320299956871347,0.8969643527033692
0.06857688720376744,0.028207682634247423,0.9032154301619852
0.05243573650788799,0.020811427790759226,0.9267528357013527
0.08070855532510934,0.03412474068629369,0.8851667039885969
0.06775802424311878,0.026876582336680555,0.9053653934202007
0.06647238654693506,0.02555483987272375,0.9079727735803413
0.07169889012113385,0.027879847463737045,0.9004212624151291
0.04251877626098877,0.016920588351459903,0.9405606353875513
0.041002236309484144,0.016033854732023765,0.9429639089584921
0.036870122956181785,0.014123680634420472,0.9490061964093978
0.04799651013728162,0.018342531096835837,0.9336609587658824
0.03951158750472093,0.01637613873712941,0.9441122737581497
0.05070479814188487,0.021599626813699094,0.927695575044416
0.04202106587993148,0.01620765665559601,0.9417712774644725
0.03041123898709661,0.012206946988873776,0.9573818140240297
0.038255556470833944,0.01586300655193997,0.945881436977226
0.04515679330750803,0.017635266991350255,0.9372079397011416
0.03111631184020212,0.01291843815337386,0.9559652500064241
0.0320843983459559,0.012825901134071498,0.9550897005199726
0.022691854021135396,0.008675414113348533,0.968632731865516
0.02295523827609634,0.01012069658774722,0.9669240651361565
0.019937611915166527,0.008061753007195114,0.9720006350776382
0.04017069053160924,0.015094133989428448,0.9447351754789625
0.03085957913829571,0.012419537020843058,0.9567208838408614
0.02917602744517606,0.012559640980359752,0.9582643315744642
0.034977574842427715,0.015035210669676906,0.9499872144878952
0.015088463086812557,0.006631828972298625,0.9782797079408889
0.01731885945772616,0.007490585379143321,0.9751905551631305
0.0150689713331473,0.006453782942808702,0.9784772457240442
0.017735243849176206,0.007259504276052898,0.9750052518747707
0.022534818042060572,0.009626428169405574,0.9678387537885339
0.02943671976009214,0.012536559129798551,0.9580267211101093
0.02757363844674444,0.01192160950658519,0.9605047520466703
0.01241152213664571,0.005412924834447612,0.9821755530289066
0.02658399185268925,0.010543827096154895,0.9628721810511558
0.016897579593000072,0.00623430846098305,0.976868111946017
0.018738921163514128,0.0070753007422335555,0.9741857780942524
0.02401185589829146,0.01032289714130533,0.9656652469604031
0.009015376644811102,0.004048165073104845,0.9869364582820841
0.010093351784468166,0.003620804338376749,0.9862858438771551
0.008602665185456347,0.0037227349934597807,0.987674599821084
0.009531418741565266,0.004394843019975667,0.9860737382384591
0.019451679355783305,0.007047418455179053,0.9735009021890377
0.018872722279326643,0.007801567042107516,0.9733257106785658
0.017076517895376675,0.007016418639091334,0.975907063465532
0.020325448349919634,0.007717064908912792,0.9719574867411674
0.005111081460030634,0.002443789396464524,0.9924451291435049
0.01766949559471105,0.006454457949841197,0.9758760464554478
0.018270759900850725,0.00793441433566992,0.9737948257634793
0.016923451485490567,0.00612181152669815,0.9769547369878112
0.0042573017107591,0.002113086330448469,0.9936296119587925
0.017782298462151812,0.006488402345551366,0.9757292991922969
0.011662308843595905,0.005112121888594449,0.9832255692678096
0.011768405999111543,0.004444316006031928,0.9837872779948564
0.016377156989965176,0.006213142084808013,0.9774097009252268
0.0035049240780186926,0.0018054068345693859,0.994689669087412
0.015081060426701544,0.005367855641114832,0.9795510839321835
0.01442183256527605,0.006041310810568261,0.9795368566241556
0.01455184789107017,0.006023009654020179,0.9794251424549097
0.007421970299043008,0.002569499337252034,0.990008530363705
0.00886247866308458,0.003911168552084176,0.9872263527848313
0.0023188601721696304,0.001218349833517822,0.9964627899943126
0.004378419307137731,0.0015798861451250831,0.9940416945477373
0.0023383594840008215,0.0009071556954039301,0.9967544848205953
0.007404148875651988,0.0033993271566362887,0.9891965239677117
0.006900282610805501,0.00299475296842438,0.9901049644207701
0.012546342029128393,0.004347118969814973,0.9831065390010566
0.009796351839451545,0.0038066160604665034,0.986397032100082
0.011020695663659232,0.00480534915878833,0.9841739551775524
0.007687543421011448,0.00347712664586295,0.9888353299331255
0.004246031406289528,0.0014860714478921008,0.9942678971458184
0.004037474174341153,0.0013751087915278312,0.994587417034131
0.008575515041660039,0.002971292197517789,0.9884531927608221
0.007272237854869063,0.0028431416626153107,0.9898846204825156
0.0015425962678515541,0.0008500487511911449,0.9976073549809573
0.007494501171875214,0.003204870155637838,0.9893006286724868
0.0017618520328846715,0.0008999471811909264,0.9973382007859245
0.00798572429005952,0.0030157404333985443,0.9889985352765419
0.00931275052540274,0.003196865668141836,0.9874903838064555
0.006651893594918598,0.002193584808627672,0.9911545215964538
0.0008226237777315606,0.0002843541015958451,0.9988930221206727
0.009165265765411336,0.003448058814719749,0.9873866754198689
0.001216925694289812,0.0006549175352581513,0.998128156770452
0.0015386319379446982,0.0006554245250513697,0.997805943537004
0.001945356171039226,0.0008713436113217036,0.9971833002176391
0.0004565476150093356,0.00036396724739391393,0.9991794851375967
0.005633048012145563,0.0025638037680466444,0.9918031482198078
0.003579303621470129,0.0016708095213075053,0.9947498868572223
0.007270235879829007,0.0032061189238593952,0.9895236451963116
0.002916767391539946,0.0013546870205599403,0.9957285455879001
0.001878905695301796,0.0009153178882540582,0.9972057764164441
0.004210116535260788,0.0018869770496953277,0.9939029064150439
0.007297007998096934,0.0032184323750244406,0.9894845596268785
0.0003712877854488166,0.0003019716941015835,0.9993267405204497
0.007069213442710818,0.003104720646696518,0.9898260659105926
0.0038024954106429458,0.0017817750777192683,0.9944157295116379
0.0013814622987554587,0.0007650275280079701,0.9978535101732364
0.0018774183473129868,0.0009736552507847357,0.9971489264019022
0.005434600292393761,0.0023085925360622696,0.992256807171544
0.005103460737205154,0.0017753476343705292,0.9931211916284242
0.001462058186425473,0.0006514937156000284,0.9978864480979744
0.0032638501438037094,0.0009695097332829034,0.9957666401229135
0.006814849005896174,0.002151774759445104,0.9910333762346587
0.006421482866295896,0.002013825122194238,0.99156469201151
0.006520257216207953,0.0021554153448335336,0.9913243274389584
0.0049589096748480135,0.001960092735091454,0.9930809975900605
0.00010134384992947155,0.00013535216597188954,0.9997633039840985
0.005539766650170829,0.0023782932444365293,0.9920819401053927
0.00003677132647717543,0.00010084631233967785,0.9998623823611831
0.0032933900697128685,0.0012009896586012917,0.9955056202716857
0.0055198576049960285,0.0018635244247020893,0.9926166179703019
0.005675914108379457,0.0017451854456164047,0.9925789004460042
0.00390185722335807,0.0012498823271549554,0.9948482604494869
0.0001540096868168466,0.00011718802385623778,0.9997288022893269
0.003994636184019989,0.0014745187562533776,0.9945308450597266
0.0014475033786711198,0.0006943995711913335,0.9978580970501376
0.005086287522988166,0.00214382882130733,0.9927698836557044
0.0017783386415044092,0.0007873922694279189,0.9974342690890677
0.00029753918355323125,0.00011230216881752289,0.9995901586476291
0.00031035236311780277,0.00005469207421826788,0.9996349555626639
0.001698281934350019,0.000500876001741611,0.9978008420639083
0.004599753768292788,0.0019626878458836147,0.9934375583858237
0.0020763332948234036,0.0007425219536020911,0.9971811447515745
0.0024376361042749563,0.0009679670818473032,0.9965943968138777
0.0012037547117731244,0.00035287310228885053,0.9984433721859379
0.0048178756135647096,0.0016462208319317313,0.9935359035545036
0.003839931322283952,0.0014987632977597862,0.9946613053799562
0.002774093962649105,0.0012571901086048268,0.9959687159287461
0.0034239764982923714,0.0013127093631821662,0.9952633141385255
0.004845226112028321,0.0013967057339148638,0.9937580681540568
0.002264887247104785,0.000905082614926622,0.9968300301379686
0.0006322506001932777,0.00020187925450734773,0.9991658701452993
0.0039810045862605,0.0015512587981296403,0.9944677366156097
0.001238586678289372,0.0005114031230822614,0.9982500101986285
0.0006809478957169438,0.0002465668569146759,0.9990724852473685
0.003112215464237817,0.0012873197386184256,0.9956004647971438
0.003903041320901892,0.0016557897587445504,0.9944411689203535
0.0041091763483639895,0.0013646068927469748,0.9945262167588891
0.0032965174943071795,0.0009083960198937501,0.9957950864857992
0.0005944546107306903,0.0003109544297038471,0.9990945909595655
0.0011361412443139506,0.00042773168345003527,0.9984361270722361
0.003845858407507193,0.0013263104652063754,0.9948278311272865
0.000250559796879466,0.00009871505493930502,0.9996507251481812
0.0029046126803521145,0.001073065756567648,0.9960223215630802
0.0031192306086600344,0.0012688355789283276,0.9956119338124115
0.0007518385164137841,0.00038024850424568825,0.9988679129793406
0.0000838544026332781,0.00004207367728631785,0.9998740719200804
0.00008991168954508836,0.000017040882674383403,0.9998930474277804
0.00028123391969140857,0.00006380057055413426,0.9996549655097544
0.001512340044137747,0.0006490838074798794,0.9978385761483825
0.003892442571219197,0.0010268117453743285,0.9950807456834065
0.0011677635224818504,0.0005418388611006723,0.9982903976164176
0.0015679404112362804,0.0006768413876432401,0.9977552182011205
0.0020925368534470447,0.00048500119922112336,0.9974224619473319
0.0029885392205997556,0.0007490993141801669,0.9962623614652202
0.0002147012859332915,3.7043647738666355e-6,0.9997815943492928
0.001413377970352229,0.0003423664089679704,0.9982442556206799
0.002932992061328584,0.0007342365187600901,0.9963327714199113
0.0031261256512210675,0.0011166909304333498,0.9957571834183455
0.00290076877642037,0.00114265013363701,0.9959565810899426
0.002276194832488316,0.0005278972888078017,0.9971959078787038
0.0004234026748339321,0.00018451906572650945,0.9993920782594395
0.0010132071161295423,0.000266431924023558,0.9987203609598468
0.0032843946587944963,0.001113209263174614,0.9956023960780309
0.00030973547613189634,0.00010539021829716093,0.999584874305571
0.003118551611607587,0.0010277748552873717,0.995853673533105
0.0002611716086015088,0.000018599046827407033,0.999720229344571
0.0026473638651503127,0.0006108921456383561,0.9967417439892114
0.002986924859527911,0.0008041633985539308,0.9962089117419182
0.001211818015020755,0.0004309570920699194,0.9983572248929093
0.0003638532024004847,0.00015886985983803022,0.9994772769377614
0.00027644334951143517,0.000059038420633156845,0.9996645182298555
0.0004162723877470163,0.00003303328746448907,0.9995506943247884
0.0007895668753330392,0.0003377441662643003,0.9988726889584028
0.002424561078524943,0.0005366746817605032,0.9970387642397146
0.002775808093340895,0.0010684236591671742,0.996155768247492
0.0008095169138664214,0.00010665050164717805,0.9990838325844863
0.001715164945266082,0.0003959626547157559,0.9978888724000182
0.0019409665649923358,0.0007703248918544382,0.9972887085431532
0.0012103709183165204,0.000489626019512475,0.998300003062171
0.0013270943598553944,0.0003048113161103781,0.9983680943240342
0.002809890984959926,0.0008641107338867767,0.9963259982811532
0.0008508599171763849,0.0003070122610122009,0.9988421278218114
0.00042909000309740945,0.00011093456318794664,0.9994599754337146
0.00126690291442817,0.0004992909775821248,0.9982338061079898
0.0020576678775848685,0.0006288890323946387,0.9973134430900206
0.002402075129430523,0.0004982840166497954,0.9970996408539198
0.0019105296233024184,0.0006849517331852132,0.9974045186435124
0.0013388104864349782,0.0003279905004216828,0.9983331990131433
0.0004457048276317018,0.00010418384074667824,0.9994501113316216
0.0010739885516217245,0.00014812863334392844,0.9987778828150343
0.0024972674323970687,0.0009292448426159403,0.996573487724987
0.0014371211884852658,0.00026416179038688827,0.9982987170211279
0.001165825610243771,0.00016574542396733394,0.998668428965789
0.0022462394385431047,0.0007296072195609497,0.997024153341896
0.0008199162019071918,0.0002568424132167365,0.9989232413848761
0.001679085626173626,0.0005896053951735408,0.9977313089786528
0.0020078843202941854,0.0007393406010941154,0.9972527750786117
0.00042590959069373956,0.00013357621449281164,0.9994405141948135
0.0013344562631266558,0.0004829423997165432,0.9981826013371569
0.0024241944111251415,0.0007991051703474948,0.9967767004185275
0.002501679680177781,0.0005390876240458168,0.9969592326957764
0.001987646113421279,0.00041822474003312264,0.9975941291465457
0.0015071980951746429,0.0005349102248848813,0.9979578916799405
0.0016931726119086541,0.0003836166526646497,0.9979232107354268
0.0020765351463163393,0.0004721032338728731,0.9974513616198107
0.0023301062803552336,0.0007790966958233355,0.9968907970238213
0.0024088056631194664,0.00045620756526743825,0.997134986771613
0.0010153930671113775,0.0003353256330523063,0.9986492812998363
0.0006750982068932978,0.0001563033032240638,0.9991685984898826
0.002406767927853846,0.00044643343582024387,0.997146798636326
0.0013319368718421045,0.0004495863152677204,0.9982184768128902
0.0010021123675989171,0.00032829100687774114,0.9986695966255233
0.00219175135203498,0.0004388540153386055,0.9973693946326265
0.001017242650170189,0.0001231716595089183,0.998859585690321
0.0018842337230572065,0.000342649368624245,0.9977731169083184
0.001880305002568637,0.00030713501991277737,0.9978125599775186
0.0007106914757943186,0.00007574582831512407,0.9992135626958906
0.002138576329670722,0.00040486127976224355,0.9974565623905671
0.002256106964188695,0.0003784087232998683,0.9973654843125115
0.0011026925079297186,0.00018302214564434958,0.998714285346426
0.0006310851887885012,0.00011029155038134698,0.99925862326083
0.0008524827037076775,0.00025180629037171114,0.9988957110059206
0.0013137599437299176,0.00031074565934133166,0.9983754943969287
0.0016452483117919594,0.00022458440414232467,0.9981301672840658
0.0014457317952794254,0.00041070886086931764,0.9981435593438513
0.0013197296629788955,0.00027064448589814735,0.9984096258511229
0.0009585125420649843,0.00013374747259666252,0.9989077399853384
0.0006866969982869808,0.00010920816792942276,0.9992040948337836
0.001078939973045402,0.00023508547912138474,0.9986859745478334
0.0020765540557726512,0.00039943849715369544,0.9975240074470735
0.0019474162960064138,0.0005344287465982085,0.9975181549573954
0.0009193438489573794,0.00006187066819076318,0.999018785482852
0.0014185256228853415,0.000289444416253239,0.9982920299608615
0.0019719481196122145,0.0005504425116833017,0.9974776093687044
0.0007927490468878089,0.00006690581181013384,0.9991403451413021
0.0022905970358237195,0.00034975837239110133,0.9973596445917852
0.0008163594934567316,0.00012918076521563874,0.9990544597413276
0.0020699435035250267,0.0005627022316189539,0.997367354264856
0.0007015918909411956,0.00016280183377105807,0.9991356062752876
0.0019321463119917625,0.0005552895318116856,0.9975125641561967
0.001275535723292793,0.00035657586585279325,0.9983678884108544
0.0008871281648345498,0.00019786821647104597,0.9989150036186943
0.0019348326151083603,0.0005540145049577463,0.9975111528799339
0.0016675040182485088,0.0004519801562927705,0.9978805158254586
0.0008840663151201053,0.00015050478909879602,0.9989654288957811
0.000975254426269551,0.00013911456525409575,0.9988856310084763
0.001654740317855028,0.00019453767717990243,0.9981507220049651
0.0020494002246935756,0.0003340341544167996,0.9976165656208896
0.002001217810337624,0.0005469038299977093,0.9974518783596648
0.002036382013341068,0.00043267861477401976,0.9975309393718849
0.002111079823413934,0.00027037041082121047,0.9976185497657648
0.0019169579812921016,0.00048081492800928236,0.9976022270906988
0.0020374776894401727,0.0004068650656080397,0.9975556572449519
0.0021587133517723058,0.0003144929128901523,0.9975267937353375
0.0018401536114560073,0.0004891094041208446,0.9976707369844232
0.0016412988582463401,0.00016378079728908063,0.9981949203444644
0.0009441887486190316,0.00020800124664786864,0.9988478100047331
0.0010347247723384934,0.00005921359064049166,0.998906061637021
0.0015644914220555586,0.00035156525902135094,0.998083943318923
0.002079904434581309,0.00031026309430851333,0.9976098324711101
0.0012388622908355283,0.00019112703406442023,0.9985700106751
0.0010069191789622127,0.00021535359334186964,0.9987777272276959
0.0021029382484225112,0.0002635082470854937,0.9976335535044919
0.0012356192419434176,0.00018436291593627472,0.9985800178421204
0.0012706002911397859,0.00028657795801163914,0.9984428217508484
0.0018464005224393077,0.00029338583252757494,0.9978602136450331
0.0010872803007514142,0.00005472755526567041,0.9988579921439829
0.0020212444058520036,0.0002912577343159518,0.997687497859832
0.0009535538773982305,0.00013430167451231623,0.9989121444480894
0.001822733266444872,0.0004396470191577887,0.9977376197143973
0.0010761465131768476,0.00021007257391815725,0.998713780912905
0.0015740431075461022,0.00024299647380489708,0.998182960418649
0.0016993944507409176,0.00027482625617123086,0.9980257792930879
0.0010417693587446537,0.0000713900265453874,0.9988868406147099
0.0019201550116403013,0.00022380186140095153,0.9978560431269586
0.0016435402711994468,0.0002110559397353782,0.998145403789065
0.0010282799224078617,0.00007684119357660436,0.9988948788840155
0.0015622640798386084,0.000188798192920901,0.9982489377272404
0.0019101252897844984,0.0003561151116695925,0.9977337595985459
0.0014436017370223705,0.00029943785800346374,0.9982569604049742
0.000993800539374115,0.00016503280395546832,0.9988411666566706
0.0010875850861419801,0.00016039446207202448,0.9987520204517859
0.0015434750153038477,0.00017048405737373314,0.9982860409273225
0.0019172305660207078,0.00016031879657620745,0.997922450637403
0.0019377176527421082,0.0002787993440536272,0.9977834830032042
0.001791187780682036,0.00038074595889993297,0.9978280662604179
0.0017819051436601457,0.0002495512527958183,0.997968543603544
0.001793397786366111,0.00013460384916602752,0.9980719983644679
0.0016302428664070993,0.0002643678004901629,0.9981053893331028
0.0016132573778364608,0.00028087872867038795,0.9981058638934933
0.001822859492967074,0.0001343674876729404,0.9980427730193601
0.00179144522586709,0.00028781192967483637,0.997920742844458
0.0018524512029022585,0.00030503905959221387,0.9978425097375055
0.0019640998836355683,0.00015556721973162508,0.9978803328966329
0.0016163178914563247,0.0003034153527946363,0.998080266755749
0.0014452717894382313,0.00009654370903009402,0.9984581845015318
0.0010831353842135614,0.0001276402449608668,0.9987892243708256
0.0012470691017027692,0.00006488636997522967,0.9986880445283219
0.0015845070660946506,0.000247433384426664,0.9981680595494787
0.0019232912826423066,0.0001939914706492581,0.9978827172467085
0.0014808415713725488,0.0001982897639689579,0.9983208686646584
0.0011806973403637934,0.000042094063879368626,0.998777208595757
0.0014335453763648428,0.00024219933469989707,0.9983242552889352
0.0019464908999664073,0.00013058249527185558,0.9979229266047618
0.0012516425957566073,0.0001755134446039464,0.9985728439596394
0.0013090713894535913,0.00013139900081542407,0.9985595296097309
0.0019227542636465866,0.00015381671628511106,0.9979234290200683
0.001215775945449121,0.00017472717992152322,0.9986094968746293
0.0014876178478335287,0.0001268983116544886,0.998385483840512
0.0018054327153180505,0.00014884543265643527,0.9980457218520253
0.0011082827963623716,0.0001355991205469269,0.9987561180830907
0.0018281897782524597,0.00021711241519815975,0.9979546978065494
0.0013074390053203233,0.0000349382931871304,0.9986576227014924
0.001714315514883757,0.00017600618341980374,0.9981096783016965
0.0012810095701706711,0.00017313986795825027,0.9985458505618711
0.0016477950941766468,0.00018407192311232574,0.998168132982711
0.001423936792080333,0.00004261649100421047,0.9985334467169154
0.0017585103870836752,0.00011210118384728409,0.9981293884290691
0.0012261786229729908,0.00012987036780822347,0.9986439510092188
0.0017361027521910388,0.0002727399376381861,0.9979911573101707
0.0011743498902153267,0.00010566412493460449,0.99871998598485
0.0017938665907584082,0.00013210199059123128,0.9980740314186503
0.0014931095418393306,0.00005902832051023199,0.9984478621376504
0.001451383051360578,0.000049203523867001383,0.9984994134247723
0.001851525354589109,0.00011992598462483596,0.9980285486607862
0.0012838919674277166,0.0000690182162830479,0.9986470898162892
0.0014807141685833371,0.00016201776030434233,0.9983572680711122
0.001733943956844989,0.00021780878812857155,0.9980482472550264
0.0012537260455297461,0.0001284026637699102,0.9986178712907003
0.0013431506678445264,0.00016150019827303863,0.9984953491338824
0.0017287536357908956,0.00024408817871111725,0.9980271581854978
0.0014785290692694796,0.00018561043203010714,0.9983358604987003
0.001189095902651571,0.00012023569689849418,0.99869066840045
0.0014449729522672387,0.0001764367983597612,0.998378590249373
0.0017267893561762572,0.00023145722729156018,0.9980417534165322
0.0015732141607385783,0.00017998695518191567,0.9982467988840796
0.0012815089743263835,0.00010482978344041712,0.9986136612422333
0.0012808156432000592,0.0000974627738966438,0.9986217215829034
0.0015579857678956577,0.00011856276426908742,0.9983234514678353
0.001805586173085174,0.00010212753796575273,0.9980922862889491
0.0018144817038591194,0.00006428558184720538,0.9981212327142935
0.0016232312564227022,0.00004927491424385372,0.9983274938293334
0.0014002351802390287,0.00005764007049218227,0.9985421247492687
0.0012737910854802698,0.0000761811470299757,0.9986500277674897
0.0012743173766882575,0.00010873836558706037,0.9986169442577247
0.0013785193991404634,0.0001378314927394478,0.99848364910812
0.0015459782032859074,0.0001208052892121084,0.9983332165075018
0.0017086912661722767,0.00006648350658491054,0.9982248252272428
0.001785194754268343,0.000055140622334208314,0.9981596646233976
0.0017567674997691716,0.00012604579066209445,0.9981171867095687
0.0017090326709300367,0.00019416990646265692,0.9980967974226073
0.0017379186532270148,0.0001582301417054519,0.9981038512050675
0.0018117454593316344,0.00006719761490107669,0.9981210569257674
0.001809191972175686,0.00006659379567013886,0.9981242142321541
0.0017262701498582964,0.0001586217457891447,0.9981151081043526
0.0017107894086044,0.00017510975212263366,0.998114100839273
0.0017947360290313213,0.0000783369179196495,0.998126927053049
0.0018001756731196095,0.00005647480436353961,0.9981433495225169
0.0016835263187409966,0.00014965177774013975,0.9981668219035189
0.0016368703040821398,0.00014217731455144663,0.9982209523813663
0.001644408634136412,0.00003702817702370189,0.9983185631888398
0.0015017456024001014,0.000059382865805510025,0.9984388715317943
0.0013504939412937865,0.0001071742462472542,0.9985423318124591
0.0013786937511445696,0.000026370398761317227,0.9985949358500942
0.0013871460406121364,0.00004035479196050614,0.9985724991674273
0.0014208972125347781,0.00011512216911648976,0.9984639806183487
0.0016580026489559437,0.00004314329948176707,0.9982988540515623
0.0017515604450469603,0.00008012413131495414,0.9981683154236379
0.0016649837503486813,0.00015483219382801122,0.9981801840558233
0.0016119315808859607,0.00003570157392988408,0.9983523668451841
0.0013946055714106642,0.000054927848975610425,0.9985504665796138
0.0013512240798588242,0.00006952525111316409,0.998579250669028
0.001587110002485709,0.00002224134838091557,0.9983906486491334
0.0016682810328405228,0.00014481500705547498,0.998186903960104
0.0017127160175947592,0.00006298404625868419,0.9982242999361466
0.0014852527909186323,0.00004490340870262287,0.9984698438003786
0.0013501507373899172,0.00006835587108981484,0.9985814933915202
0.0015962557023037518,0.000024635974305509224,0.9983791083233907
0.0016780105964504701,0.0001433150182779804,0.9981786743852715
0.001642995640630859,0.00002805880083702578,0.998328945558532
0.0013621492109901815,0.00006818959657594664,0.998569661192434
0.001526109146185953,0.00003158953842282017,0.9984423013153914
0.0017163729218847377,0.000087466720893429,0.9981961603572217
0.0015725510426840635,0.00008074495532994692,0.998346704001986
0.0014086804673375194,0.000027861862841705003,0.9985634576698208
0.0015672727328907884,0.00008086979339444006,0.9983518574737148
0.0017384756692533818,0.000037201937783657124,0.9982243223929629
0.001420403608620633,0.00007955741028080621,0.9985000389810986
0.0015130785310627033,0.000022873022968229653,0.9984640484459691
0.0016806084788821318,0.00011371643757933387,0.9982056750835385
0.0015517239772276314,0.000013725226817461309,0.998434550795955
0.001417737507745878,0.00006717696615769415,0.9985150855260964
0.0017379465525645752,0.00003668998186048244,0.998225363465575
0.0014984154161477388,0.0000805463132976984,0.9984210382705546
0.0014791951480698621,0.00003174518948472029,0.9984890596624453
0.0016990962254270527,0.000080340654698276,0.9982205631198747
0.0014842567909470912,0.000035175982357635885,0.9984805672266954
0.001536726780986308,0.000031411865640701014,0.9984318613533729
0.0016698113589397692,0.00008330090215334768,0.9982468877389068
0.0014546208958343668,0.000012754524513117483,0.9985326245796525
0.0016022938917333446,0.00010145509762133363,0.9982962510106453
0.0016205653914785592,8.459122677956577e-6,0.9983709754858435
0.0014343824613303397,0.0000688187620465886,0.998496798776623
0.0017268094592815181,0.000028813231535683587,0.9982443773091828
0.0014298689897755295,0.000044385569439376135,0.9985257454407851
0.0016358938640536414,0.00007306915958272879,0.9982910369763637
0.0015712584783936167,0.00001989831805756233,0.9984088432035487
0.0014906442421697389,0.0000793279523999258,0.9984300278054303
0.0016880032537956269,0.000011230984556540578,0.998300765761648
0.0014351124231447244,0.00004568502401085552,0.9985192025528444
0.0016875788649511076,0.00006222643066651377,0.9982501947043825
0.0014700761522208367,9.381057534030664e-6,0.9985205427902452
0.001640902922569426,0.0000959101388101881,0.9982631869386204
0.0015008506584605365,7.69059492076832e-6,0.9984914587466188
0.0016414213532323079,0.00004411514841297368,0.9983144634983547
0.0014901217344911884,0.000055130288428329617,0.9984547479770804
0.0016428545475037537,5.689696586697821e-6,0.9983514557559096
0.0015201460571767015,0.0000653061014052616,0.998414547841418
0.001576626934161016,0.00005354042419318,0.9983698326416457
0.0015898593367975843,0.000010871908758317444,0.9983992687544442
0.0015459909229211908,0.00006885404143932733,0.9983851550356394
0.001567265796802737,0.00002501554030622649,0.998407718662891
0.0016105967575349605,9.61598745222674e-6,0.9983797872550129
0.0015125481307632555,0.00006875813252372635,0.998418693736713
0.0016156019101040502,0.000034045754998731065,0.9983503523348973
0.0015416318042035184,0.00001612040714654827,0.99844224778865
0.0016029044952991624,0.00007596979519890014,0.9983211257095019
0.0014983587361005516,0.000018723479551392964,0.9984829177843481
0.001691135208584895,0.000011627199056173756,0.9982972375923589
0.0014393230957632068,0.00005177058367330839,0.9985089063205633
0.0016748867467870287,0.00004364311279097478,0.9982814701404221
0.0015030406004810889,1.1772046595502726e-6,0.9984957821948593
0.0016280208213103298,0.00006570702652845496,0.9983062721521613
0.0015073552532076588,0.00004837429926396465,0.9984442704475284
0.0016113407767644776,1.6023540469267526e-6,0.9983870568691887
0.0016026862115013456,0.000033159896644182485,0.9983641538918545
0.0014737880275478106,0.000050531504808836206,0.9984756804676433
0.0016841523092378911,0.000018679389954361918,0.9982971683008077
0.0014957293581797887,8.18212513990967e-6,0.9984960885166804
0.0016156259303362853,0.00006773022756004832,0.9983166438421036
0.0015382120528511475,0.00004158185514986939,0.998420206091999
0.0015719665230285805,5.570883189988457e-7,0.9984274763886525
0.0016455453214137804,0.000034443845898769733,0.9983200108326873
0.0014527770076698187,0.000046804810440582944,0.9985004181818895
0.0016555149284007832,0.00002095461026698913,0.9983235304613323
0.0015770305562865985,1.286637516358034e-6,0.998421682806197
0.0015176422925155962,0.00004299870144200228,0.9984393590060425
0.0016318864878105653,0.00006181057321404866,0.9983063029389754
0.0015072570264949492,0.000010726127209899082,0.9984820168462951
0.0016283115655074622,0.000010318585935127468,0.9983613698485574
0.001589310385406172,0.00004501122589464367,0.9983656783886992
0.001472901183647601,0.0000386579538015593,0.9984884408625508
0.0016646059341428841,0.000010948968276560883,0.9983244450975806
0.0015776258476880361,2.8699588621454886e-6,0.9984195041934498
0.0015057578539258137,0.00003929338367123737,0.9984549487624028
0.0016322073385208226,0.000057608778005513076,0.9983101838834737
0.0015374136679401744,0.0000168727905920378,0.9984457135414678
0.0015689173580234093,3.1307320712914153e-6,0.9984279519099052
0.00164498398431805,0.000035813924832528225,0.9983192020908493
0.0014917426440237756,0.00004407432080384497,0.9984641830351724
0.0015564683400783013,0.000021209307672952477,0.9984223223522487
0.0016711471344431437,1.4978942301684932e-6,0.9983273549713267
0.0015261664200578312,0.000010876082274040864,0.9984629574976681
0.001534231600651285,0.000044919980064478054,0.9984208484192842
0.0016292604226349151,0.00004857819944321574,0.998322161377922
0.001539408461597878,0.000012728908294815196,0.9984478626301072
0.0015618271664253436,2.7577489734045713e-6,0.9984354150846013
0.0016438423380545914,0.000030194094573621313,0.9983259635673718
0.0015271783810236646,0.00004283988047039699,0.998429981738506
0.0015097952676001874,0.00002651649154677863,0.998463688240853
0.0016523396550435963,5.662489033016351e-6,0.9983419978559234
0.0016046829767898862,1.5906782928719638e-6,0.9983937263449173
0.0014999913455744456,0.000023529808575026265,0.9984764788458507
0.0015809082030633498,0.00004773690811679262,0.9983713548888198
0.0016137651957920177,0.00003766828301797693,0.99834856652119
0.0015312484302793265,7.71643909621129e-6,0.9984610351306246
0.0015712484503052223,3.42400611721743e-6,0.9984253275435776
0.001638178976955128,0.00002573678640589431,0.998336084236639
0.0015460197324796965,0.00003896728683297845,0.9984150129806875
0.0014974437471639446,0.000029641410651334558,0.9984729148421847
0.0016113894197276443,0.000011323243939409403,0.998377287336333
0.0016438377644896808,2.1183934536416077e-7,0.998355950396165
0.0015373136237824448,8.2208887984225e-6,0.9984544654874192
0.0015238139009697985,0.000031775215408861944,0.9984444108836213
0.001606124847398549,0.00004504220867371748,0.9983488329439277
0.0015916651007698884,0.000030467136509313264,0.9983778677627209
0.0015294722450242494,6.6073036431881404e-6,0.9984639204513325
0.0015747315946493692,2.4599699585834713e-6,0.9984228084353921
0.0016341094571489258,0.00001841379711280892,0.9983474767457383
0.0015692968997430088,0.00003266628040331332,0.9983980368198537
0.0014977385846388848,0.00003204188855378214,0.9984702195268073
0.0015595733502524439,0.000019896481953428976,0.9984205301677941
0.0016417665095428567,5.783863679067058e-6,0.998352449626778
0.0016006232014011664,4.6422841500214494e-7,0.9983989125701839
0.0015236739930097071,0.000011142715948263498,0.998465183291042
0.0015456679878056345,0.000031057423473521777,0.9984232745887208
0.0016052758696468124,0.000041284823056449485,0.9983534393072967
0.001584917609641094,0.00003114742323929248,0.9983839349671196
0.001532545442947675,0.000011401750712194623,0.9984560528063402
0.0015578147813072255,1.2475305988325611e-6,0.9984409376880938
0.001622523543318145,7.258391900030938e-6,0.9983702180647818
0.0016092116387746856,0.000020417471114010255,0.9983703708901114
0.0015302320328887827,0.000029112328814545062,0.9984406556382966
0.0015092255983459092,0.000028497420010536847,0.9984622769816436
0.001578007597214032,0.00001983994249459687,0.9984021524602913
0.0016308977833292373,8.118190848847194e-6,0.998360984025822
0.0015956181825141117,1.2387375994789597e-6,0.9984031430798864
0.0015362006829704952,5.8856920761107876e-6,0.9984579136249535
0.001540865832808036,0.000020473931301288503,0.9984386602358907
0.0015890995137464304,0.0000342060718604425,0.9983766944143931
0.0015974462533864318,0.0000360992745293793,0.9983664544720842
0.0015535677758511746,0.00002507238086051193,0.9984213598432883
0.001530008629226672,0.000010214841374952617,0.9984597765293983
0.0015695752313881603,1.8731983515475676e-6,0.9984285515702603
0.0016203381995923576,3.6473097700168245e-6,0.9983760144906377
0.0016104074024147757,0.000012067227979166766,0.998377525369606
0.0015486297053739096,0.000021287222984594766,0.9984300830716414
0.0015115849307598046,0.000026753495782975115,0.9984616615734571
0.0015424529859160239,0.000026072652153299266,0.9984314743619306
0.0015995367876389488,0.00001930380864370508,0.9983811594037173
0.0016146686525510023,9.703197163054043e-6,0.9983756281502858
0.0015775928446190393,3.04078586013345e-6,0.9984193663695208
0.0015405231813210405,4.188062453079818e-6,0.9984552887562259
0.0015476245526323924,0.00001320592221209127,0.9984391695251555
0.0015829850140917884,0.00002472234789076499,0.9983922926380174
0.0015967088182474074,0.00003162849793415318,0.9983716626838185
0.0015691788468159312,0.000030039686860771068,0.9984007814663233
0.001533576058964745,0.000021468191715793236,0.9984449557493194
0.001534467615442293,0.000010992548685585604,0.9984545398358721
0.001575129824859046,3.6148179899703233e-6,0.9984212553571511
0.0016139534059042356,1.7916515136897604e-6,0.9983842549425821
0.0016104320829375355,5.238034403904715e-6,0.9983843298826586
0.0015675706158919645,0.000012004586525595067,0.9984204247975824
0.0015269363505579898,0.000019458383855262384,0.9984536052655868
0.0015252913426954163,0.00002484326117712664,0.9984498653961275
0.0015597648879248735,0.000025941384713825976,0.9984142937273615
0.0015946840492766536,0.00002207229852150533,0.9983832436522019
0.0015986059446903916,0.000014810820817711327,0.9983865832344918
0.0015731089012225425,7.568590774099277e-6,0.9984193225080035
0.0015471292565411797,3.92951041610944e-6,0.9984489412330426
0.0015464722797590722,5.690256806141572e-6,0.9984478374634347
0.0015697325378619428,0.000011894537633480751,0.9984183729245046
0.0015918598862186791,0.000019467935942342835,0.9983886721778389
0.001589430173621592,0.0000249538228634895,0.9983856160035148
0.0015624639915553604,0.000026202862301975193,0.9984113331461425
0.001533820058019435,0.00002309502373430649,0.9984430849182463
0.001528579502158543,0.00001715175566469934,0.9984542687421767
0.0015524627480383603,0.000010563769697126175,0.9984369734822646
0.0015876452339069654,5.308982891134193e-6,0.9984070457832019
0.001607746252425582,2.696141715081258e-6,0.9983895576058595
0.0015985970731859597,3.2652915289236798e-6,0.9983981376352853
0.0015681505313410934,6.80727242778473e-6,0.9984250421962312
0.0015388580160589525,0.000012386697418836887,0.9984487552865221
0.0015302571565137056,0.00001845526049026018,0.998451287582996
0.0015453410625969517,0.00002319558805568678,0.9984314633493473
0.001570286908861126,0.000025093201314307555,0.9984046198898247
0.00158618229561068,0.000023524478409780836,0.9983902932259795
0.0015828664622139063,0.000019052742192137518,0.998398080795594
0.0015651937733982772,0.000013247438905999243,0.9984215587876958
0.0015479905622556754,8.078702757063857e-6,0.9984439307349872
0.0015446286125074368,5.168730018934141e-6,0.9984502026574735
0.0015577145263731594,5.236213029223763e-6,0.9984370492605976
0.0015778155863922184,7.949034088055669e-6,0.9984142353795197
0.0015905632131171996,0.000012187090502953171,0.9983972496963799
0.0015864346632341005,0.000016534511864717564,0.998397030824901
0.0015668483700863193,0.00001976327045252749,0.9984133883594613
0.0015430121743830953,0.00002113585639906394,0.9984358519692179
0.001528679372439565,0.000020477929251900797,0.9984508426983086
0.0015319678289097674,0.00001808602974914006,0.9984499461413411
0.0015508778618214783,0.000014566376806137772,0.9984345557613723
0.0015749665159928478,0.000010682688377115027,0.99841435079563
0.0015916410143314423,7.232935245332682e-6,0.9984011260504232
0.0015929871800901317,4.936402411251979e-6,0.9984020764174987
0.0015796245332720055,4.31445195971487e-6,0.9984160610147683
0.001559542032503094,5.570807831899947e-6,0.998434887159665
0.0015432717006342183,8.511130900010026e-6,0.9984482171684659
0.0015382851052991103,0.000012547914456406552,0.9984491669802444
0.0015454517742760192,0.000016813779796710236,0.9984377344459274
0.0015593928921016065,0.000020366950465635526,0.9984202401574328
0.001571818141003966,0.000022428816493428772,0.9984057530425027
0.001576043551262358,0.000022580570570109562,0.9984013758781677
0.0015702700092158801,0.00002085740396970704,0.9984088725868144
0.0015580158585213394,0.0000177133781424406,0.9984242707633362
0.0015460517155831313,0.00001388061213463809,0.9984400676722821
0.0015407827319456671,0.00001016989266716671,0.9984490473753873
0.001545161336319023,7.279005314447856e-6,0.9984475596583666
0.0015574579718203628,5.6578058705864015e-6,0.9984368842223091
0.0015721688215759632,5.4540109699229975e-6,0.9984223771674541
0.00158272717961258,6.536790761498228e-6,0.998410736029626
0.001584365646830115,8.571858954698421e-6,0.9984070624942152
0.0015761119093110239,0.000011117354108464084,0.9984127707365805
0.0015610697066258423,0.000013713549179740812,0.9984252167441944
0.0015449035188908641,0.000015950273965609643,0.9984391462071435
0.0015335578660826935,0.000017511459789039665,0.9984489306741283
0.0015308806188859586,0.000018198587438657723,0.9984509207936754
0.0015373316898981517,0.00001794202804108329,0.9984447262820609
0.0015500824195964237,0.000016803131033051957,0.9984331144493704
0.001564234042224495,0.000014965126364754115,0.9984208008314107
0.0015748393142611082,0.000012713309087032512,0.9984124473766518
0.0015785976090415194,0.00001039805902930453,0.9984110043319293
0.0015748923262036477,8.385445570366753e-6,0.998416722228226
0.0015657718045034472,7.0000873313700645e-6,0.9984272281081652
0.0015549040618855134,6.470360708911393e-6,0.9984386255774056
0.0015462283744197372,6.888819747852632e-6,0.9984468828058325
0.0015424934252414617,8.195233075356933e-6,0.9984493113416831
0.0015444535555593727,0.000010187794529294307,0.9984453586499115
0.0015508137833178295,0.000012559836601085082,0.9984366263800812
0.0015587862250533897,0.000014953491719084559,0.9984262602832277
0.0015652475748984718,0.00001702082939354616,0.9984177315957079
0.0015677468816847036,0.0000184779119569557,0.9984137752063583
0.001565317106240687,0.000019144483035580574,0.9984155384107238
0.0015587246992078126,0.000018962725145484152,0.9984223125756466
0.0015500644855873352,0.0000179932924748036,0.9984319422219379
0.0015421180086985034,0.00001639542001897641,0.9984414865712825
0.0015373799086512347,0.000014393185587933665,0.9984482269057607
0.0015373510472322894,0.000012239040447587351,0.9984504099123201
0.0015421469402766587,0.00001017906940922483,0.998447673990314
0.0015504560923668038,8.424563067961778e-6,0.9984411193445651
0.0015600561568890057,7.13408955250075e-6,0.9984328097535585
0.0015683839037577312,6.403705248908605e-6,0.9984252123909932
0.0015732821094792569,6.266190855721562e-6,0.9984204516996651
0.001573556887010422,6.696032178953921e-6,0.9984197470808106
0.0015691714282609882,7.618020111859156e-6,0.9984232105516272
0.001561277510614382,8.918804679652572e-6,0.9984298036847059
0.0015517755525387585,0.000010458680020283265,0.998437765767441
0.00154285017628481,0.000012084518364494363,0.9984450653053507
0.0015364354125276564,0.00001364269457330296,0.9984499218928989
0.0015337189467611073,0.000014991053061908972,0.9984512900001771
0.0015350092665141367,0.000016011401923177157,0.9984489793315628
0.0015396535177247697,0.000016618617544564573,0.9984437278647307
0.0015463150089963346,0.000016768465293371103,0.9984369165257103
0.0015533392138757148,0.000016461359510939136,0.9984301994266134
0.0015590983223150755,0.000015741142361020166,0.998425160535324
0.0015624377202506487,0.000014691102602798945,0.9984228711771466
0.0015628067413631698,0.000013423956830205774,0.9984237693018067
0.0015603776128798057,0.000012070351203618133,0.9984275520359165
0.0015559442572812764,0.000010765005824573072,0.998433290736894
0.0015506408751710561,9.632480044937383e-6,0.998439726644784
0.0015457496679555942,8.775588705651244e-6,0.9984454747433388
0.0015423244597803309,8.26546525944867e-6,0.9984494100749602
0.0015410353866192673,8.13650108132901e-6,0.9984508281122993
0.0015420504537555929,8.385061737436491e-6,0.998449564484507
0.0015449846023832302,8.97201397238455e-6,0.9984460433836444
0.0015491006039881755,9.829399010965538e-6,0.9984410699970008
0.0015533960335879606,0.000010868476154148384,0.9984357354902579
0.0015568820503886521,0.000011989865050937098,0.9984311280845604
0.0015587751764690226,0.000013093387080538097,0.9984281314364504
0.0015585947307340964,0.000014086537804157098,0.9984273187314617
0.001556326291982755,0.000014892406763576973,0.9984287813012537
0.0015523139404906422,0.00001545384671239631,0.998432232212797
0.0015472433205637214,0.000015736750003567514,0.9984370199294327
0.0015419912836888655,0.000015730423699736503,0.9984422782926115
0.0015374167563588965,0.00001544565905285151,0.9984471375845883
0.0015342938925694892,0.000014912733077329111,0.9984507933743532
0.0015330924382250036,0.000014176517360521123,0.9984527310444146
0.0015339773780752124,0.00001329277900850383,0.9984527298429162
0.0015367814025231857,0.000012323446107614842,0.9984508951513692
0.0015410062988310642,0.000011331894521485578,0.9984476618066475
0.0015459991656722508,0.000010379730487829556,0.99844362110384
0.001550970540257752,9.522633365908375e-6,0.9984395068263763
0.0015551899750200148,8.808186703113459e-6,0.9984360018382767
0.0015580749288731908,8.273633242080087e-6,0.9984336514378847
0.0015592298930461352,7.944263632409828e-6,0.9984328258433215
0.0015585724543519751,7.833157445298768e-6,0.9984335943882028
0.0015562330318035587,7.940541023750492e-6,0.9984358264271727
0.001552592534447869,8.254709504278748e-6,0.9984391527560479
0.0015481905214110928,8.75298634438081e-6,0.9984430564922444
0.001543604019146756,9.403106236416155e-6,0.9984469928746169
0.0015394426902140303,0.00001016573743629826,0.9984503915723498
0.0015361712005754282,0.000010996254209077677,0.9984528325452156
0.001534129083128752,0.000011847816432919621,0.9984540231004383
0.0015334702275063986,0.000012673883041165875,0.9984538558894525
0.001534125359495888,0.000013430516313884056,0.9984524441241902
0.0015359036460610368,0.000014079417867034308,0.998450016936072
0.0015384359498205758,0.000014589076445315012,0.998446974973734
0.0015413112157446462,0.000014936991076291881,0.9984437517931791
0.0015441059149762539,0.000015110354560695397,0.9984407837304632
0.001546412064851115,0.000015106103960017806,0.9984384818311889
0.001547962015971665,0.000014931421475509687,0.9984371065625528
0.0015485601146156655,0.000014601937807912112,0.9984368379475765
0.0015481788716258666,0.000014141227314980926,0.9984376799010592
0.001546918771540707,0.000013578766294117463,0.9984395024621651
0.0015449617867546827,0.000012947776272917074,0.9984420904369724
0.00154261415701117,0.000012283820113330398,0.9984451020228755
0.0015401670993051824,0.000011621919482984051,0.9984482109812117
0.001537940831080612,0.000010995366320652107,0.9984510638025987
0.0015362081861657938,0.000010433743566876142,0.9984533580702674
0.0015351432152608876,9.961470741928018e-6,0.9984548953139971
0.00153487504702566,9.597337797112188e-6,0.9984555276151772
0.0015353818474230794,9.353301166720872e-6,0.9984552648514102
0.001536582816904387,9.234880416261932e-6,0.9984541823026793
0.001538311404029823,9.241088255804744e-6,0.9984524475077142
0.0015403208695172024,9.364846030169179e-6,0.9984503142844526
0.0015423829131157125,9.594180256966209e-6,0.9984480229066273
0.001544218533231587,9.912587676024139e-6,0.9984458688790924
0.0015456148154430938,0.000010300660393712884,0.9984440845241632
0.0015464021820964023,0.000010736942935897215,0.9984428608749677
0.0015464566523232409,0.000011198943652324726,0.9984423444040245
0.001545775960658874,0.000011664675746423497,0.9984425593635947
0.0015443813746204911,0.00001211290250167313,0.9984435057228778
0.001542401084180548,0.000012524623444702948,0.9984450742923747
0.0015400071064347093,0.000012883372291322364,0.998447109521274
0.0015373869178399867,0.000013175607575624669,0.9984494374745844
0.0015347874073017966,0.000013391593207489474,0.9984518209994907
0.0015323966859210403,0.000013524720888528874,0.9984540785931906
0.001530417003006204,0.000013572325729068604,0.9984560106712648
0.00152899664249915,0.000013535102753013619,0.9984574682547478
0.0015282127766317055,0.000013416808632405144,0.9984583704147357
0.0015281273203368868,0.000013224479195258236,0.9984586482004678
0.001528690818340929,0.000012967157187604006,0.9984583420244716
0.0015298406830419938,0.000012656256592936017,0.9984575030603651
0.0015314551578228164,0.000012304563699454105,0.9984562402784777
0.0015333636479678853,0.000011925712182252533,0.9984547106398498
0.001535419906023428,0.000011534134974682584,0.9984530459590019
0.0015374221566941046,0.00001114379587806534,0.9984514340474278
0.001539222230422879,0.000010768460936460703,0.9984500093086407
0.0015406795079399912,0.000010420802780667911,0.9984488996892794
0.0015416723743846444,0.000010112049048619757,0.9984482155765669
0.0015421604318459443,9.852038473521403e-6,0.9984479875296807
0.0015420933552222087,9.64833028283195e-6,0.9984482583144949
0.0015415063300919891,9.506665192897372e-6,0.998448987004715
0.0015404543361565784,9.430449923257226e-6,0.99845011521392
0.0015390112026353827,9.420769580433943e-6,0.9984515680277841
0.0015373135354057271,9.476757072538653e-6,0.9984532097075216
0.0015354584849256653,9.59512660762134e-6,0.9984549463884668
0.0015335906625303037,9.770955660336383e-6,0.9984566383818093
0.0015318279287227028,9.997511338371304e-6,0.9984581745599389
0.0015302625610137323,0.000010266578919418778,0.9984594708600668
0.001529003540640173,0.000010569103633256907,0.9984604273557265
0.001528081262742486,0.000010894911646288315,0.9984610238256113
0.001527542513689229,0.000011233722184479303,0.9984612237641264
0.0015273830882321824,0.000011575028528514354,0.9984610418832394
0.0015275631372657342,0.000011908512002161847,0.9984605283507321
0.0015280564805051217,0.000012224710001525046,0.9984597188094932
0.001528767007230238,0.00001251460173393674,0.9984587183910358
0.0015296325859720827,0.000012770619812653441,0.9984575967942154
0.0015305617278953158,0.000012986287618590908,0.9984564519844862
0.0015314572474350566,0.000013156493783202248,0.9984553862587816
0.0015322643725500025,0.000013277949494877549,0.998454457677955
0.0015328889008849038,0.000013348481722468081,0.9984537626173925
0.0015332994445885636,0.00001336787098118409,0.9984533326844303
0.0015334575036793,0.000013337165873144572,0.9984532053304477
0.001533339674139041,0.000013258765148543175,0.9984534015607125
0.0015329760448235105,0.000013136614882123854,0.9984538873402945
0.001532363727114453,0.00001297530556875356,0.9984546609673168
0.0015315628231220772,0.00001278072963682245,0.998455656447241
0.001530617923110601,0.000012559229667531163,0.9984568228472218
0.001529578908698352,0.000012317600039412964,0.9984581034912622
0.0015285316180185808,0.000012063148245311878,0.9984594052337361
0.001527510851181902,0.00001180281707467357,0.9984606863317433
0.0015265949240355296,0.000011543769961082972,0.9984618613060035
0.0015258248696206186,0.000011292594671117068,0.9984628825357084
0.0015252302183991423,0.000011055369876403363,0.9984637144117243
0.001524858348033956,0.000010837747705876126,0.9984643039042602
0.001524693122215145,0.000010644258540949202,0.998464662619244
0.0015247531331005217,0.000010478933113801252,0.9984647679337857
0.00152501292396498,0.00001034467819209226,0.9984646423978428
0.0015254366853488836,0.000010243478534048992,0.9984643198361172
0.0015260079884031558,0.000010176576631329224,0.9984638154349657
0.0015266544480780036,0.00001014396922547903,0.9984632015826965
0.0015273487838888143,0.000010145112194048758,0.9984625061039171
0.0015280301332286023,0.000010178435901598372,0.9984617914308698
0.001528642841952391,0.000010241665490733762,0.9984611154925568
0.0015291630650908622,0.00001033207641661268,0.9984605048584924
0.0015295256391855247,0.000010446086849941694,0.9984600282739646
0.001529723827012136,0.000010580033534923921,0.998459696139453
0.0015297268565865152,0.000010729712829750727,0.9984595434305837
0.0015295201454457398,0.000010890763300766075,0.9984595890912535
0.0015291255346066295,0.000011058927160551362,0.9984598155382328
0.0015285280507088374,0.00001122963040864509,0.9984602423188824
0.0015277722797443444,0.000011398792029372009,0.9984608289282263
0.0015268753281476503,0.000011562286745877524,0.9984615623851065
0.0015258681164323556,0.000011716341695801368,0.9984624155418718
0.0015248096535666774,0.000011857739251423294,0.9984633326071819
0.0015237150326071701,0.000011983328225450363,0.9984643016391673
0.0015226498152831136,0.000012090827212007466,0.998465259357505
0.001521640758001085,0.000012178167671511953,0.9984661810743274
0.0015207204091658248,0.000012243881345355608,0.9984670357094889
0.0015199379397101197,0.000012287213237706568,0.9984677748470522
0.00151929100538373,0.000012307569821609327,0.9984684014247946
0.0015188203790064225,0.00001230528677853379,0.9984688743342152
0.0015185207360631158,0.000012280875694449707,0.9984691983882424
0.0015183903010622193,0.000012235399314280539,0.9984693742996236
0.0015184397000233248,0.000012170499232967285,0.9984693898007437
0.001518628694085589,0.000012087825788743997,0.9984692834801258
0.0015189615802996775,0.000011989755164940985,0.9984690486645353
0.00151939813984572,0.00001187859886787445,0.9984687232612864
0.001519907984138664,0.000011756975224858468,0.9984683350406365
0.0015204767165638634,0.000011627780210704385,0.9984678955032255
0.0015210464999535925,0.000011493650182789334,0.9984674598498635
0.0015216109263639938,0.000011357630693727419,0.9984670314429422
0.0015221246763034541,0.000011222408206148725,0.9984666529154904
0.0015225610006393182,0.000011090691405968391,0.9984663483079548
0.0015229135866926746,0.00001096516031955785,0.9984661212529877
0.0015231395152289129,0.000010847995812127065,0.998466012488959
0.0015232520846057617,0.000010741517529099637,0.9984660063978652
0.001523228074639264,0.00001064747141612894,0.9984661244539447
0.0015230672852246739,0.000010567435693353875,0.9984663652790818
0.0015227893205370813,0.000010502774033380079,0.9984667079054296
0.0015223785819600648,0.00001045423917631794,0.9984671671788637
0.0015218746056081581,0.00001042260402537257,0.9984677027903666
0.0015212771883919114,0.000010408003292724386,0.9984683148083153
0.0015206081151136884,0.00001041037650918968,0.9984689815083772
0.0015199033602661565,0.000010429431905650267,0.9984696672078281
0.00151916092502457,0.00001046430871964804,0.9984703747662558
0.0015184292732770093,0.000010514221002741184,0.9984710565057203
0.001517711461357354,0.000010577823844625636,0.9984717107147981
0.0015170298481495803,0.000010653699913310677,0.9984723164519372
0.001516414720210774,0.000010740321457080546,0.9984728449583322
0.001515855990853046,0.000010835745067782194,0.9984733082640791
0.001515390445147664,0.000010938275284655608,0.9984736712795679
0.0015150058086510873,0.000011045816006647491,0.9984739483753423
0.0015147089604926871,0.000011156399600124818,0.9984741346399073
0.0015145115246146808,0.000011268123807556808,0.9984742203515777
0.001514385814126976,0.000011378855514630306,0.9984742353303584
0.0015143509926993693,0.000011486907385167813,0.9984741620999154