0.9983158578752293,0.0003002510538061097,0.0013838910709642425
0.9933896209121617,0.0011723896121028628,0.005437989475735581
0.9855903249177186,0.002533237382672492,0.01187643769960831
0.9755019753675781,0.00425281035535842,0.02024521427706298
0.9638794335390266,0.006166474260344737,0.02995409220062812
0.9515913998930428,0.008090406709149548,0.04031819339780661
0.9395548041332795,0.0098389745311981,0.050606221335521624
0.9286655604879313,0.011242455765164236,0.060091983746903485
0.9197309208944495,0.012163494404496218,0.06810558470105323
0.9134085372274032,0.012510776584930558,0.07408068618766472
0.9101568357449856,0.01224865147724705,0.0775945127777666
0.9102004510216535,0.011401769163049174,0.07839777981529596
0.9135133275820025,0.010054241702270535,0.07643243071572545
0.9198207614608906,0.008343315415003006,0.07183592312410506
0.9286202220738834,0.0064480306654529146,0.06493174726066243
0.9392193754034136,0.004573797824809015,0.056206826771776366
0.9507884299312303,0.0029341949792833894,0.046277375089485
0.962422845223624,0.0017315608167813134,0.035845593959593296
0.9732116613228619,0.0011380904540760884,0.025650248223061067
0.9823062841312855,0.0012791294141385814,0.016414586454574467
0.9889845296451936,0.002220200606769778,0.008795269748035298
0.9927050904919267,0.003959002707116267,0.003335906800954468
0.993148314308245,0.00642320923975845,0.00042847645199449463
0.9902402199969489,0.009474409352349394,0.00028537065070002404
0.9841579462807152,0.01291800430427693,0.0029240494150058515
0.9753162312019636,0.016518352572685746,0.00816541622534859
0.9643359550319436,0.020017985823974148,0.015646059144079863
0.9519971340052579,0.02315933884907229,0.02484352714566727
0.9391799259669762,0.02570718284742316,0.03511289118559887
0.9267981127593923,0.027469847041954747,0.04573204019865094
0.9157300898073113,0.02831737018080018,0.05595254001188639
0.9067525783260006,0.028194939327629592,0.06505248234636758
0.900482066139355,0.027130333328487924,0.07238760053215458
0.8973283953657605,0.025234564964611676,0.07743703966962524
0.8974639939192575,0.022695471283718675,0.07984053479702165
0.900811062799402,0.01976459088840225,0.07942434631219288
0.9070476723137815,0.016738241340949908,0.07621408634526583
0.9156322905848273,0.013934220950673055,0.07043348846449714
0.9258448751174109,0.011665963037075856,0.062489161845510774
0.9368414081232306,0.010216231390610597,0.052942360486155596
0.9477177431237679,0.009812538362984905,0.042469718513244596
0.957577930495756,0.010606380530396215,0.03181568897384447
0.9656018557242887,0.012658124511302613,0.02174001976440563
0.9711070811008866,0.015928955202014355,0.01296396369709632
0.973600224768773,0.02028075171180921,0.006119023519414671
0.9728140064872752,0.025484124972675874,0.0017018685400460379
0.9687271767563892,0.03123418547504979,0.00003863776855814389
0.9615658424922465,0.03717296375191289,0.0012611937558372145
0.9517861100080658,0.04291683347233967,0.005297056519591481
0.9400393780710543,0.04808683577409664,0.011873786154845679
0.9271229234879379,0.052339513268710953,0.02053756324334777
0.9139195300915839,0.05539576015562454,0.030684709752788513
0.9013307355648796,0.057065293467786694,0.04160397096733012
0.8902087472949953,0.05726464596155531,0.05252660674344594
0.8812921727579365,0.05602705382066887,0.06268077342139103
0.8751504151202835,0.053503227670327586,0.07134635720938565
0.8721409235870514,0.049952706656117916,0.0779063697568275
0.8723825109827479,0.04572624710833052,0.08189124190891815
0.8757467324212792,0.04124042978586657,0.08301283779285043
0.8818679511757567,0.036946323443944905,0.08118572538029444
0.890171304638391,0.0332945632266755,0.07653413213492977
0.8999164315040284,0.030699545503399612,0.06938402299256832
0.9102536331653007,0.029505574989727265,0.060240791844968056
0.9202882074023331,0.02995771020820174,0.04975408238946109
0.9291480811316081,0.0321797420902433,0.038672176778144336
0.936049627012889,0.03616122811421697,0.027789144872889745
0.9403566938564923,0.04175482760101982,0.01788847854248376
0.9416284014695167,0.048684393268713794,0.009687205261765674
0.93965210687587,0.056563430546655115,0.0037844625774706335
0.9344590754589401,0.06492270552049574,0.0006182190205595677
0.9263217018720676,0.07324503100141531,0.0004332671265130219
0.915732522067037,0.08100464931851206,0.0032628286144469887
0.9033666337396978,0.0877082112532372,0.0089251550070602
0.8900303938460346,0.09293416004887801,0.017035446105083348
0.8766002941579158,0.09636738718144085,0.027032318660639057
0.8639566513922823,0.0978263328214829,0.03821701578623015
0.8529171321295743,0.09728023925016256,0.04980262862025928
0.8441751361262368,0.09485499205616593,0.060969871817592364
0.8382476851343721,0.09082684808612053,0.07092546677950265
0.8354367371265349,0.08560428537702677,0.07895897749643391
0.8358068235288639,0.07969914633371074,0.0844940301374206
0.8391806675646841,0.07368910761940412,0.08713022481590711
0.8451530792705984,0.06817422949961141,0.08667269122978558
0.8531220404737763,0.0637308546314892,0.08314710489472985
0.8623345956177314,0.06086639727224935,0.07679900711001447
0.8719440497809757,0.059978562898777905,0.06807738732024178
0.8810741275081363,0.061322260483205125,0.05760361200865416
0.8888852287730775,0.06498693195955166,0.04612783926736618
0.8946377699923594,0.07088626319640066,0.03447596681123492
0.8977478289861207,0.07876131355835435,0.023490857455520115
0.897830904888212,0.08819707639002605,0.013972018721756754
0.8947305116918396,0.09865143876684264,0.006618049541312596
0.8885294780416829,0.10949452670663658,0.0019759952516753563
0.8795431382180895,0.12005557931322516,0.0004012824686800782
0.8682949703658606,0.1296738600129495,0.002031169621184842
0.855476564027059,0.1377497380689931,0.006773697903942842
0.8418949797069044,0.14379199241415058,0.014313027878939996
0.8284115095174842,0.14745761368911098,0.024130876793399692
0.8158764888227573,0.1485808968184124,0.035542614358825296
0.8050650964461714,0.14718939016046473,0.04774551339335904
0.796618994442717,0.14350524234497622,0.05987576321230121
0.7909982050972345,0.13793159196529187,0.07107020293746835
0.7884468378578744,0.13102479479633444,0.08052836734578551
0.7889752225366368,0.12345438982705975,0.08757038763629808
0.7923597579061421,0.11595368277338654,0.09168655932046593
0.7981604416462397,0.10926459622972104,0.09257496212403354
0.8057547103400883,0.10408093643919979,0.09016435322070694
0.8143849880854359,0.10099441497432053,0.08462059694023794
0.8232163121162098,0.10044762012906125,0.07633606775472379
0.8313996510945537,0.10269766362208328,0.06590268528335787
0.8381361127092073,0.10779346465818207,0.054070422632604725
0.8427371827651053,0.11556863005391392,0.04169418718097519
0.8446764512518566,0.12565071986924328,0.029672828878895195
0.8436289372565591,0.13748644053181808,0.018884622211617356
0.8394950734466433,0.1503810768001961,0.010123849753155232
0.8324075795778246,0.1635493551326952,0.004043065289474228
0.8227207540098124,0.17617401185372855,0.0011052341364536763
0.8109830437946207,0.18746769351529236,0.0015492626900814887
0.797895016634993,0.19673349757513142,0.0053714857898700015
0.784255956473606,0.2034194980625469,0.01232454546384123
0.7709031559524486,0.20716299538345137,0.02193384866409423
0.7586485196933733,0.2078209564194507,0.03353052388717069
0.7482172822322369,0.2054841192707611,0.04629859849699673
0.7401934701119379,0.20047345274820547,0.059333077139850934
0.7349762133560063,0.19331899347759474,0.07170479316639344
0.7327501780244926,0.18472243251248557,0.08252738946301587
0.7334723128307341,0.1755060853728411,0.09102160179641873
0.7368758612938087,0.1665519565080579,0.09657218219812756
0.7424912811344944,0.1587354163380854,0.09877330252741476
0.7496824340016953,0.1528584809112039,0.09745908508709472
0.7576952578982322,0.14958778038303672,0.09271696171872512
0.7657151986340808,0.14940201083151675,0.08488279053439625
0.7729290255178596,0.15255300182457032,0.0745179726575645
0.7785863387445416,0.1590435457039915,0.062370115551460784
0.7820561145796827,0.16862389520716295,0.049319990213148396
0.7828740254259081,0.18080743552364395,0.0363185390504414
0.780776984444993,0.1949045803264807,0.024318435228520407
0.7757223435767323,0.2100725394262241,0.014205116997038001
0.7678903444927285,0.22537736629380584,0.006732289213459381
0.7576696949162582,0.2398637134502295,0.002466591633506205
0.7456274210379527,0.25262708059479033,0.0017454983672509994
0.7324653335709561,0.2628830874335284,0.004651578995509437
0.7189664506814242,0.27002846434738725,0.011005084971182792
0.705935469986436,0.2736890218021965,0.020375508211360978
0.6941378181340774,0.2737507950923037,0.0321113867736126
0.6842418981597915,0.27037179742813716,0.0453863044120655
0.6767688960812956,0.2639732606052365,0.05925784331346164
0.6720539198709693,0.2552107905816174,0.07273528954740774
0.6702213717748103,0.24492739832703625,0.08485122989814735
0.6711763660422774,0.23409176724915917,0.09473186670855732
0.6746127818114456,0.22372627911075585,0.10166093907779257
0.680037278305538,0.21483014956113825,0.1051325721333179
0.6868073925178467,0.20830345544444928,0.10488915203769777
0.694180779512358,0.20487783180128485,0.10094138868635083
0.7013718222008224,0.2050591726222889,0.09356900517688256
0.7076112933358887,0.20908681508098603,0.08330189158311954
0.7122045376899016,0.21691248288548318,0.07088297942460908
0.7145837720402886,0.2282007985382597,0.05721542942144539
0.7143505635415748,0.2423515555112884,0.043297880947130295
0.7113053069646306,0.25854229121777994,0.030152401817583194
0.705461519364117,0.27578814539125235,0.01875033524462437
0.6970439303747119,0.29301464537938193,0.009941424245899798
0.6864705789430325,0.3091380341961694,0.004391386860791703
0.674320339075174,0.3231471300999568,0.0025325308248625254
0.6612883962576038,0.3341805295927337,0.004531074149656148
0.6481330996327275,0.34159325694077086,0.010273643426495274
0.6356182549896721,0.3450077050436004,0.01937403996672093
0.6244552526380293,0.3443448527440015,0.031199894617962805
0.6152494185297465,0.3398331996988721,0.04491738177137457
0.6084546383522792,0.33199452415360287,0.05955083749411183
0.6043396597744737,0.3216073169836885,0.07405302324183138
0.602968577749844,0.30965044525917784,0.08738097699097157
0.6041969211518434,0.29723112086120496,0.0985719579869454
0.6076835692926635,0.2855024771467669,0.10681395356056302
0.612917524813377,0.27557689345514474,0.11150558173147161
0.6192574463545814,0.26844158631104426,0.11230096733436812
0.6259808852746012,0.2648828745965264,0.10913624012886573
0.6323394476301115,0.26542492777900983,0.10223562459087199
0.6376156695894598,0.2702877625148274,0.09209656789570643
0.6411772830760262,0.27936783879150495,0.07945487813246242
0.6425247658253127,0.29224292618859465,0.0652323079860864
0.6413285982644963,0.30820108890149406,0.05047031283400288
0.6374534472173838,0.3262918117628804,0.03625474101972915
0.6309675016377704,0.34539559699629757,0.023636901365925583
0.6221363210978491,0.36430693225106436,0.01355674665107987
0.6114017367503445,0.3818244751214421,0.00677378812820664
0.5993474771550871,0.39684170095218957,0.003810821892716397
0.5866541918368514,0.40843116842869703,0.0049146397344446945
0.5740473382666583,0.41591598243922595,0.010036679294109405
0.5622419237999988,0.4189229480583619,0.01883512814163291
0.5518883141894232,0.41741324800327495,0.030698437807295687
0.5435232192685605,0.4116881406599167,0.04478864007151591
0.5375295534200051,0.40236904336877394,0.060101403211214315
0.5341081763201543,0.39035329635412874,0.07553852732571052
0.5332636021150521,0.37674875085063575,0.08998764703430574
0.5348046934270001,0.36279195011072685,0.10240335646226631
0.5383602126562448,0.3497559493453701,0.11188383799837855
0.543407974274389,0.33885465091116057,0.11773737481444384
0.549315314004216,0.3311508479462624,0.11953383804951495
0.5553877416613194,0.3274749452759261,0.1171373130627475
0.5609220377579052,0.32836057361041565,0.11071738863167235
0.5652597347466412,0.3340020847918706,0.10073818046148128
0.567836914932144,0.344237301431314,0.08792578363653537
0.5682265577799174,0.3585570129133748,0.07321642930670103
0.5661702552259607,0.37614070170310426,0.05768904307092762
0.5615969386508509,0.39591600004200406,0.04248706130713824
0.5546272614529038,0.41663756760184273,0.02873517094524668
0.5455633796172263,0.4369795835007663,0.01745703688200021
0.5348649852057622,0.45563497665981256,0.0095000381344185
0.5231134894930286,0.4714139606446059,0.0054725498623583195
0.5109671445501174,0.4833344386543589,0.005698416795516633
0.4991105672312214,0.49069740512896326,0.010192027639808646
0.4882025373991364,0.493141554076868,0.01865590852398868
0.47882605310698984,0.4906728324327542,0.030501114460249397
0.47144443238709055,0.4836665371476588,0.04488903046524358
0.4663667705380029,0.47284160904630074,0.060791620415689425
0.4637253314557454,0.4592088709220418,0.07706579762220608
0.46346652856794457,0.44399693399371354,0.09253653743833508
0.4653561066511577,0.42856120568788986,0.10608268766094525
0.46899805047999943,0.41428274195549464,0.11671920756449912
0.47386570283951124,0.40246449745938706,0.12366979970109479
0.4793426522763211,0.39423277258158157,0.12642457514209018
0.48477021976506895,0.3904513151179217,0.12477846511700244
0.4894978879924604,0.39165462874802526,0.11884748325950714
0.4929328129523756,0.3980056346630008,0.1090615523846164
0.49458464907612804,0.40928103003431027,0.09613432088955455
0.4941022976395913,0.42488562085854054,0.0810120815018612
0.491299823278579,0.44389473137319946,0.06480544534821454
0.486169625260933,0.4651216711544333,0.04870870358462672
0.4788819333426691,0.4872053345209894,0.03391273213633411
0.46977074675578084,0.5087114600927396,0.021517793151472595
0.45930736871288363,0.5282400101166772,0.012452621170432108
0.4480636289033278,0.5445306229013959,0.007405748195269121
0.4366676615132846,0.5565581888968885,0.006774149589819726
0.42575565802936327,0.5636112978344233,0.0106330441362057
0.41592330156092566,0.5653475518434561,0.018729146595610983
0.40768059213017993,0.5618214467099983,0.030497961159814808
0.4014134916986608,0.5534825643494283,0.045103943951903404
0.39735527664392606,0.5411440421716238,0.06150068118444311
0.39556972677568214,0.5259235227908612,0.07850675043344951
0.39594736299229544,0.5091608718808669,0.09489176512683047
0.39821494132419255,0.49231872493616197,0.10946633373963827
0.40195739667990354,0.4768732499338066,0.12116935338628236
0.40665048274416715,0.4642032900008728,0.1291462272549527
0.41170154721889735,0.4554862166450785,0.1328122361360168
0.41649527491428906,0.4516083640711432,0.13189636101456054
0.4204408703674048,0.4530968599079207,0.12646226972466723
0.42301706290208696,0.4600780936664706,0.11690484343143483
0.42381150558499,0.4722660873028014,0.10392240711220095
0.42255158935757314,0.488981799209061,0.08846661143335847
0.41912436879140785,0.5092020707020976,0.07167356050648697
0.413584143427384,0.5316346870897648,0.05478116948284372
0.4061471926142169,0.5548140426025148,0.03903876478326067
0.39717414847207555,0.5772103204997802,0.025615531028137115
0.38714143528889006,0.5973440473623777,0.015514517348724848
0.3766040322534477,0.6138974358131998,0.009498531933345046
0.3661524671102026,0.625814129144806,0.008033403744983554
0.3563673722529734,0.6323797927053534,0.011252835041665346
0.3477751007856006,0.6332774008556075,0.01894749835878423
0.34080779695414687,0.6286129418905108,0.030579261155334683
0.335770952587442,0.6189094676895398,0.045319579723010414
0.33282088812775634,0.6050697856212883,0.06210932625094773
0.3319538203476306,0.5883104496839929,0.07973572996836861
0.333007279596088,0.5700718783534573,0.09692084205044693
0.3356736871391457,0.5519112438867996,0.11241506897404713
0.3395249712623361,0.5353861035098553,0.12508892522780085
0.3440462607099628,0.5219374750055501,0.13401626428447908
0.3486760097060111,0.5127811399746159,0.13854285031936525
0.35284943186176126,0.5088153784994609,0.13833518963876998
0.35604188612115417,0.5105521398240774,0.13340597405476093
0.3578088830638741,0.5180769225074171,0.12411419442870053
0.35781966088828543,0.5310405022862783,0.11113983682542794
0.3558817941014669,0.5486832655279555,0.09543494037056971
0.351955003461356,0.5698904587215857,0.07815453781705024
0.3461531776484337,0.5932743337992324,0.06057248855232609
0.33873452992229436,0.6172771310160755,0.043988339061621855
0.33008072600563265,0.6402872501756365,0.029632023818722413
0.32066666239350555,0.660759938659724,0.018573398946762618
0.31102328276762675,0.677333450209328,0.0116432670230373
0.30169634048621946,0.6889319324637883,0.009371727049983722
0.2932043083066345,0.6948472637189274,0.011948427974429614
0.28599868137708556,0.6947936104095386,0.019207708213367546
0.2804297141526332,0.6889305020955033,0.030639783751855304
0.2767201935829698,0.6778525697521961,0.04542723666482573
0.27494921486522184,0.6625465905220328,0.06250419461273705
0.2750471424661308,0.6443189405414453,0.08063391699241523
0.27680206928628714,0.6246987920093678,0.09849913870433656
0.2798771983448929,0.6053242324648083,0.11479856919029084
0.2838377328355741,0.5878197933696986,0.12834247379471916
0.28818513621234576,0.573674551192578,0.13814031259506787
0.29239606928850015,0.5641299541523412,0.14347397655914967
0.29596296794517385,0.5600858299247851,0.14395120213003262
0.29843311817717694,0.5620316939773858,0.13953518784542876
0.2994432216734843,0.5700086029603855,0.13054817536612184
0.29874681293321653,0.5836045218436257,0.11764866522314907
0.29623245825473654,0.601983666940185,0.10178387480506974
0.291931392609348,0.6239477372212303,0.08412087016941316
0.2860140754120849,0.6480245448947023,0.06596137969320408
0.27877600616997555,0.6725774840704805,0.048646509759535106
0.2706139692349109,0.6959276902742237,0.033458340490856504
0.2619946095605461,0.7164797643690473,0.021525626070397843
0.2534178223659757,0.7328416376268464,0.013740540007168817
0.24537782490161184,0.7439295647242146,0.010692610374164828
0.2383249394474853,0.7490503197222201,0.012624740830285478
0.23263104212693067,0.7479543569518027,0.01941460092125773
0.22856132925878672,0.7408558592498607,0.030582811491343887
0.22625454659911223,0.7284180692795118,0.04532738412136692
0.22571315736149047,0.7117049008315752,0.06258194180692557
0.22680414517734862,0.6921023609966203,0.0810934938260218
0.22927031923410163,0.6712155903496988,0.09951409041619053
0.23275117524763206,0.6507491750559599,0.11649964969639892
0.23681163067495548,0.6323796621251665,0.130808707199869
0.24097635221473152,0.6176298193604428,0.1413938284248166
0.24476697396728064,0.6077540771549947,0.14747894887771507
0.24773929714935802,0.6036437760664227,0.14861692678420987
0.24951758186507292,0.6057593811954922,0.14472303693942573
0.24982328530005996,0.6140948199489011,0.1360818947510294
0.2484960486167292,0.628176702885743,0.12332724849751835
0.24550535083732916,0.6470985770244624,0.10739607213819877
0.24095198330266726,0.669587732710357,0.08946028398696625
0.23505929507706366,0.6940996362514972,0.07084106867142963
0.22815495566016156,0.7189329753792445,0.052912068960584355
0.22064471468002578,0.7423567406688286,0.03699854465113573
0.212980252199912,0.7627398420816298,0.024279905718447826
0.20562366077182465,0.7786735466941171,0.015702792534048077
0.19901134750625016,0.7890775391557451,0.011911113337995133
0.19352017305603597,0.7932816134783213,0.013198213465632656
0.18943845348659333,0.7910768143767575,0.019484732136639496
0.1869440565723213,0.7827321240640608,0.03032381936360777
0.18609125792780604,0.7689753662015626,0.0449333758706212
0.18680732957067345,0.7509396798955672,0.062252990533749455
0.18889906867679004,0.7300795021559956,0.08102142916720403
0.1920686974238925,0.7080622927806827,0.09986900979541484
0.1959378365607932,0.686644068256957,0.11741809518223924
0.20007763223336797,0.6675380424381592,0.13238432532846242
0.2040426457179054,0.6522862077990267,0.14367114648305804
0.20740583494793188,0.6421434903519935,0.15045067470006387
0.2097918860374116,0.6379831874143826,0.15222492654819544
0.2109062968775904,0.6402308182802505,0.14886288484214868
0.210557961024621,0.6488314007338463,0.140610638241522
0.20867352047837398,0.6632526691245033,0.1280738103971121
0.20530240908068126,0.6825240591229853,0.11217353179632239
0.20061224245716106,0.7053086018778565,0.09407915566497162
0.19487496791470987,0.7300023974175229,0.07512263466775627
0.18844490914914053,0.7548542597559049,0.056700831094943685
0.18173046975466892,0.7780966008465017,0.04017292939881853
0.175161747562841,0.7980777627005965,0.02676048973655122
0.16915662121783842,0.8133858821339895,0.01745749664816104
0.16408797769753078,0.8229549913079088,0.012957030994548988
0.16025464720057483,0.8261453742566987,0.013599978542715612
0.1578583088563142,0.8227921172268761,0.019349573916798493
0.15698815166300892,0.8132181659301668,0.02979368240681247
0.15761445819405515,0.7982108582068352,0.0441746835990982
0.15959157284309858,0.7789636372835599,0.061444789873330345
0.16266997739272357,0.7569872635759688,0.08034275903129626
0.16651648255953327,0.7339971356225149,0.0994863818179404
0.1707409107976273,0.7117851307881707,0.11747395841419005
0.17492714240147803,0.6920855481234117,0.1329873094750985
0.17866606282624115,0.6764451904607123,0.1448887467130352
0.1815878097270942,0.6661073254325922,0.15230486484030162
0.1833907837383654,0.6619182369568666,0.15469097930475625
0.1838651515867801,0.6642633960798096,0.15187145233339827
0.18290901228200196,0.6730380683324149,0.1440529193855718
0.18053598151007752,0.6876545992278323,0.13180941926207804
0.17687362957881161,0.7070858729914128,0.11604049742976333
0.17215293055984285,0.7299417278989807,0.09790534154116426
0.16668958773362477,0.7545726381475424,0.07873777411882066
0.16085873750079818,0.7791929227761623,0.059948339723027086
0.15506505070048573,0.8020142709462005,0.04292067835330143
0.1497106064896983,0.821379590802109,0.0289098027081799
0.14516308203408335,0.8358871554886012,0.018949762477302498
0.14172676854532992,0.8444957379176985,0.013777493536958929
0.13961869379881414,0.846602842385518,0.01377846381565531
0.13895172183667606,0.8420901505042755,0.01895812765903552
0.13972594479754533,0.8313327509404375,0.028941304262004214
0.14182902383714058,0.8151714336005461,0.04299954256230051
0.14504542797449468,0.7948500960621281,0.06010447596336454
0.14907381730707553,0.7719229257321049,0.07900325696080653
0.15355117570301866,0.7481382891659984,0.09831053513096934
0.1580817681998302,0.7253080098842333,0.11661022191592309
0.1622686214424513,0.7051718163140882,0.13255956224344725
0.16574503098435792,0.689267109251918,0.14498785976371079
0.16820360214435615,0.6788138054670051,0.1529825923886253
0.16942053078166447,0.674622889777355,0.15595657944096689
0.16927321074692697,0.6770355360314283,0.1536912532216308
0.16774978560119913,0.6858973704615753,0.146352843937212
0.1649499013761643,0.7005698200693357,0.13448027855448663
0.16107661410586513,0.7199777111635488,0.11894567473057213
0.15642010553515484,0.742689567093203,0.1008903273716283
0.15133450759616118,0.7670246032649125,0.08164088913891228
0.14620967993307454,0.7911784155648656,0.06261190450204583
0.1414401821486481,0.8133579555578564,0.045201862293481436
0.1373939023160942,0.831915687655574,0.030690410028317426
0.13438282844208085,0.8454728823605816,0.02014428919732289
0.13263827814044993,0.8530228114604773,0.01433891039905827
0.13229254744258814,0.8540061149625042,0.013701337594892815
0.13336843050537467,0.8483526929951946,0.018278876499416428
0.13577743825401395,0.8364869827536341,0.027735578992337473
0.13932685500739858,0.8192962229475323,0.04137692204505451
0.14373507230351645,0.7980640805639334,0.05820084713253548
0.14865398374168426,0.7743746092558262,0.07697140700247464
0.15369666544640895,0.7499937308206321,0.09630960373294396
0.1584681479051039,0.7267371144672302,0.11479473762765097
0.16259683954011486,0.7063343467337909,0.1310688137260791
0.16576410986706933,0.6902995617362266,0.14393632839668874
0.16772968467645188,0.6798182162255051,0.15245209909802776
0.16835083601561912,0.6756584831780306,0.1559906808063347
0.16759383984489007,0.6781138922084504,0.154292267946644
0.16553678547660103,0.6869815034223635,0.14748171110101982
0.16236350508026567,0.7015772390447675,0.1360592558749512
0.158349094661042,0.7207872138937528,0.12086369144518942
0.15383816446457158,0.7431512101619903,0.10301062537342266
0.1492175340369351,0.7669720360305277,0.08381042993252111
0.14488552947358596,0.7904425715945912,0.06467189893180683
0.14122031262479817,0.8117809843586088,0.04699870301657724
0.13854975246447776,0.8293639889305987,0.03208625860490706
0.13712523085514655,0.8418481767465792,0.021026592398257986
0.13710146758127262,0.8482703399982289,0.014628192420481589
0.13852397675615882,0.848119291728066,0.013356731515758514
0.141325165600187,0.8413738226938531,0.017301011705943063
0.14532940439068995,0.8285039745008324,0.026166621108461092
0.15026668682233743,0.8104355571541589,0.03929775602348664
0.15579381907343706,0.788480591477613,0.05572558944893296
0.16152147737611347,0.7642389065200339,0.0742396161038355
0.16704500526872948,0.739478278193375,0.09347671653787851
0.17197652025225615,0.7160020966586719,0.11202138308905482
0.17597578946109993,0.6955144768116431,0.12850973372723942
0.178777424340369,0.6794929096815165,0.1417296659780967
0.18021222855607125,0.6690779794913572,0.1507097919525537
0.1802209895126652,0.6649883851034819,0.15479062538383526
0.1788595963685654,0.6674676025705161,0.1536728010609005
0.1762950499392385,0.6762661506015396,0.1474387994592039
0.17279264876074174,0.6906607513275023,0.13654659991173815
0.16869533424352626,0.7095089151152587,0.12179575064119696
0.16439680110345856,0.731334827509788,0.10426837138673573
0.16031047772476084,0.7544400771806302,0.08524944509459068
0.1568368150860061,0.7770309109614479,0.06613227395252734
0.15433146550116889,0.7973524740075688,0.04831606049124376
0.1530768718205748,0.813819981079887,0.033103147099519795
0.1532595279952424,0.8251370065486195,0.02160346545611942
0.15495473282236996,0.8303920569153665,0.014653210262244155
0.15812007423454721,0.8291262264560261,0.012753699309407953
0.16259819720483887,0.8213669105408414,0.016034892254300506
0.168128677762716,0.8076250987325017,0.024246223504763284
0.174368106131917,0.7888564995444858,0.03677539432357804
0.18091683032099953,0.7663894559950926,0.05269371368388793
0.18735027920428346,0.7418250930125021,0.0708246277831949
0.1932524136063202,0.7169172086932604,0.08983037770039998
0.19824867496434784,0.6934409268133567,0.10831039822227566
0.20203582865498945,0.6730599558679852,0.12490421547700588
0.20440633172266537,0.6572023892476757,0.13839127902963896
0.20526527509365453,0.6469543263659998,0.14778039854032574
0.2046385261333721,0.6429792458370394,0.15238222802956844
0.20267138399081538,0.6454691212938916,0.1518594947152727
0.19961780406515323,0.6541308844688849,0.14625131146594147
0.19582099089243013,0.6682091882006772,0.13596982090687199
0.1916868423762853,0.6865437032130378,0.12176945441065624
0.18765229857558263,0.7076566006237754,0.10469110080062148
0.18415105987810296,0.72986362037886,0.08598531974301594
0.1815793592536709,0.7514003722788472,0.06702026846746102
0.18026448321617505,0.7705543914479172,0.04918112533588651
0.1804385343498795,0.7857930571084496,0.03376840854164958
0.1822195295899135,0.795877811989073,0.02190265842099276
0.1856013632260708,0.7999561636039884,0.014442473169919324
0.19045347536158255,0.7976246284237629,0.011921896214633142
0.19653030869655785,0.7889579685344087,0.014511722769011814
0.2034898681237161,0.7745026027917051,0.022007529084557005
0.2109199789354716,0.7552347603199155,0.03384526074459094
0.21837022705676068,0.7324865819618581,0.04914319098135905
0.2253871071968961,0.7078457674602554,0.06676712534282615
0.2315496388212134,0.6830363340551819,0.08541402712358273
0.23650265722845462,0.6597894493090993,0.10370789346242389
0.23998515303073595,0.6397140238989988,0.12030082307024265
0.24185140612848766,0.6241767461779278,0.1339718476935618
0.24208321176587438,0.6142005114266632,0.14371627680743956
0.24079218422711274,0.6103888011376423,0.14881901463522249
0.23821189507798696,0.6128816076315885,0.1489064972904016
0.23468039766091178,0.6213461249413014,0.14397347739776362
0.23061444575577456,0.635002817053198,0.134382737191004
0.2264773725573058,0.6526848253413232,0.12083780210134776
0.22274310436792602,0.6729261869116117,0.10433070872043881
0.2198591010858416,0.6940721907353017,0.08606870817883289
0.21821111677680044,0.7144035586939768,0.06738532452919925
0.21809254922189134,0.7322651255379031,0.04964232524018143
0.21968080577270124,0.7461893795557254,0.034129814671549276
0.22302257956165036,0.7550056360339398,0.021971784404385745
0.22802924566190258,0.7579267157097089,0.014044038628364584
0.23448280373932842,0.7546067061454783,0.010910490115168666
0.24205197264866934,0.7451655658677759,0.012782461483530112
0.25031724715760195,0.7301788244713452,0.019503928371028004
0.2588030197394389,0.7106332490582407,0.030563731202295615
0.26701430684289934,0.6878518919650629,0.04513380119201249
0.27447524401877055,0.6633942163260315,0.06213053965517311
0.2807663581082126,0.6389388444689763,0.08029479742278597
0.2855577008421604,0.6161577522390692,0.09828454691874525
0.2886352321035632,0.5965913460260671,0.11477342187034435
0.28991835043632525,0.5815337645394576,0.12854788502419182
0.2894671446893769,0.5719369534573127,0.13859590185328502
0.28747873228373433,0.5683406295654336,0.1441806381508065
0.2842728955348125,0.5708332910968038,0.14489381336835755
0.2802680622219356,0.5790470911332121,0.1406848466448265
0.2759494351347974,0.592186847612538,0.13186371725263815
0.2718316981621052,0.6090909078588534,0.11907739397901501
0.2684191643482346,0.6283192091002817,0.10326162655145733
0.2661664490609117,0.6482618565958144,0.08557169434324736
0.2654427307260942,0.6672600278933056,0.06729724138057322
0.26650240266270564,0.6837301170511643,0.049767480286102984
0.2694644410722062,0.6962818213220128,0.034253737605754085
0.274302152056533,0.7038213583346087,0.021876489608831557
0.28084416498269643,0.7056321454612098,0.013523689556066637
0.28878667156821614,0.7014269868710927,0.009786341560663596
0.29771603668532687,0.6913679673740672,0.01091599594057823
0.30714009585403845,0.6760526826605168,0.016807221485416704
0.3165257690395722,0.6564679598936674,0.027006271066732448
0.3253401146470217,0.6339146513540411,0.04074523399890922
0.3330916618408883,0.6099092353861562,0.056999102772927454
0.3393688170180503,0.5860696730896362,0.07456150989228494
0.3438723461947805,0.5639941192384252,0.09213353456676543
0.346439374770382,0.5451415877668877,0.10841903746270186
0.34705698694754467,0.5307234906827437,0.12221952236968278
0.34586430057229284,0.5216141206681633,0.13252157875951526
0.3431427787581904,0.5182866980524555,0.13857052318932506
0.3392954493232698,0.5207796632291275,0.13992488744757378
0.33481656649046865,0.528695613175974,0.13648782033352838
0.33025399933557104,0.5412328278772848,0.1285131727871147
0.3261672093527032,0.5572468935876718,0.11658589705959542
0.32308403947421643,0.5753376876723432,0.10157827285341085
0.32145964974216396,0.5939551113963046,0.08458523886150149
0.321640790361792,0.6115155817328507,0.06684362790532739
0.3238382106824982,0.6265205219748152,0.04964126734265639
0.3281093915914983,0.6376679789011592,0.034222629507312
0.3343530047946211,0.6439490470837037,0.02169794812164513
0.3423156050675512,0.6447219543509665,0.012962440581451904
0.3516101194759006,0.63975836585977,0.008631514664298746
0.36174478331249205,0.6292585677336912,0.0089966489537856
0.3721603569016528,0.6138345354385054,0.014005107659810804
0.38227280406100733,0.594462300280791,0.023264895658170904
0.39151817333486905,0.5724073189008572,0.036074507764242696
0.39939623234004873,0.5491285542258636,0.05147521343405664
0.40550947991727737,0.5261685432277952,0.06832197685489627
0.40959449609420967,0.5050377415981833,0.08536776230757523
0.41154316181287,0.4871018246233344,0.101355013563764
0.4114120462319293,0.47348036087681206,0.11510759289122692
0.40941916123844385,0.4649643835972069,0.12561645516431716
0.4059282518477321,0.46195893358974877,0.1321128145624868
0.40142175308830885,0.46445474860007413,0.13412349831158485
0.39646442456146624,0.47203107180555803,0.1315045036329435
0.39166040475922254,0.48388921287501074,0.12445038236573384
0.38760695121704064,0.49891419492026845,0.11347885386265807
0.3848484080742702,0.5157597317845926,0.09939186014110397
0.38383394694106404,0.5329500579689836,0.0832159950899192
0.38488235822024564,0.5489909052979178,0.06612673648180334
0.3881566473143179,0.5624812757150318,0.04936207697061652
0.39365045225571205,0.5722176436975056,0.03413190404674889
0.40118740179542606,0.577282832641572,0.021529765562968546
0.4104335440529145,0.5771129981465266,0.012453457800524778
0.4209219710551945,0.5715378253037824,0.0075402036409892865
0.4320878211079271,0.5607910788319965,0.007121100060042032
0.44331103188686627,0.5454908799951628,0.011198088117936596
0.45396360541013325,0.5265913540865781,0.01944504050325456
0.46345777983085074,0.5053094265233796,0.031232793645735193
0.4712914118165915,0.4830323850493818,0.045676203133992455
0.47708706572796533,0.4612132339192653,0.06169970035273445
0.4806217686604469,0.4412617400675876,0.07811649127193059
0.4818450896170291,0.42443934860515925,0.09371556177777687
0.4808840842108751,0.4117658081152358,0.10735010767385378
0.4780346465187164,0.40394442388621676,0.11802092959503131
0.47373985082514475,0.4013114219106559,0.12494872726416385
0.46855686825575954,0.40381306877531564,0.12763006296888907
0.46311492951111555,0.41101209256920446,0.12587297791964414
0.45806750638072075,0.42212274663592936,0.1198097469833141
0.4540423465763552,0.4360717171862352,0.10988593623737328
0.4515931819088217,0.45158015760912595,0.09682666048201584
0.4511568232051308,0.4672605792600491,0.08158259753478342
0.4530189632329584,0.48172125479771444,0.06525978196929062
0.45729135981006497,0.4936702733815813,0.049038366808316955
0.46390221366071055,0.5020114625467503,0.034086323792502336
0.4726005541039548,0.5059250500241211,0.021474395871886827
0.48297437638040247,0.5049271271447761,0.012098496474784498
0.49448121897841957,0.49890360132126726,0.006615179700275824
0.5064889087217841,0.488116263722967,0.005394827555211673
0.5183234097702037,0.473180702277904,0.00849588795185463
0.5293201516314835,0.4550179006760297,0.015661947692448608
0.538874925001232,0.43478332277728543,0.02634175222144452
0.5464904460918738,0.41377894283038547,0.03973061107770282
0.5518150007336639,0.3933549225466836,0.05483007671961409
0.5546701666558184,0.37480836608723705,0.07052146725690632
0.5550654324396194,0.35928675204981847,0.08564781551052346
0.5531985230413188,0.34770323877535225,0.09909823818329022
0.5494413294652053,0.3406700998065225,0.10988857072823367
0.5443124413183333,0.33845514427844053,0.11723241440318681
0.5384383113563294,0.3409642207740408,0.12059746786959087
0.5325059615035203,0.3477509269517923,0.11974311154464823
0.5272108020527256,0.3580526008719585,0.11473659707527666
0.5232035280622813,0.3708497074397619,0.10594676449791741
0.521040148000108,0.3849440014239553,0.09401585057589681
0.52113898099621,0.399049475406189,0.07981154359756085
0.5237479458608851,0.41188918723447016,0.06436286690460476
0.5289246951274685,0.422290672337123,0.04878463253536837
0.5365311784309923,0.42927280697500714,0.03419601459396
0.5462431246699114,0.4321176830686692,0.021639192261378715
0.5575737947453695,0.4304222275319273,0.012003977722662335
0.5699102630008319,0.4241258575254775,0.005963879473649997
0.5825595196277356,0.4135122878081299,0.003928192564093817
0.594800922688271,0.39918555842138775,0.006013518890300129
0.6059410263642694,0.3820222827678286,0.012036690867860338
0.615366611162388,0.3631038828635758,0.02152950597399449
0.6225918588486542,0.3436340487931409,0.03377409235816371
0.6272960423900149,0.32484772508859105,0.04785623252135292
0.6293488079131271,0.30791851106289264,0.0627326810239382
0.6288210589595581,0.29387142497548907,0.07730751606491049
0.6259805428624803,0.2835075227492463,0.09051193438823169
0.6212724024041894,0.2773459194612902,0.10138167813447849
0.6152861045209159,0.2755874107070663,0.10912648477197534
0.6087112039413218,0.2781022359970805,0.11318656006155514
0.602285262942484,0.28444269440178455,0.11327204265568896
0.5967378621632613,0.29387945279440036,0.10938268504229527
0.5927349536794864,0.3054586200393619,0.10180642628110892
0.5908278008586356,0.3180751282360256,0.09109707090529584
0.5914104189794716,0.3305567777820768,0.07803280323840821
0.5946888000234305,0.3417525526071409,0.06355864736938538
0.6006643212422342,0.3506185481000067,0.04871713065771593
0.6091326664105523,0.3562950926371198,0.03457224095228422
0.6196984119614837,0.35816936192433824,0.022132226114134044
0.6318042367865428,0.35591892538036235,0.012276837833050655
0.6447725953036386,0.3495331361077535,0.005694268588563975
0.6578567341311145,0.3393109669638944,0.002832298904947162
0.6702972071617602,0.3258356757827026,0.0038671170554928284
0.6813796083135681,0.3099284182140271,0.008691973472360394
0.6904891301376378,0.2925844868723413,0.016926382989976094
0.6971577796019826,0.2748971247879939,0.027945095609978873
0.7011006240947448,0.2579747467670228,0.040924629138187306
0.702238261007122,0.24285784114902345,0.05490389784380919
0.7007037417774212,0.23044178777607027,0.06885447044646321
0.6968333578012003,0.22141132300654365,0.08175531919221064
0.6911419220541966,0.21619145176045682,0.09266662618530169
0.6842843633767686,0.2149183239948602,0.10079731262832563
0.6770064998345388,0.21743205857720124,0.10556144158821407
0.6700886929236475,0.22329182917857968,0.10661947789772694
0.6642866411673117,0.23181185142408506,0.10390150740855712
0.6602738063737946,0.2421153542862733,0.09761083933988612
0.6585898593716641,0.2532022975678007,0.0882078430604888
0.6595990912217513,0.2640256083916846,0.0763753003865177
0.6634619930131228,0.2735701240251189,0.06296788296171117
0.6701222178195475,0.2809282860945168,0.04894949608588893
0.6793099766254473,0.2853669384940513,0.035323084880454596
0.6905616738368515,0.2863803102627872,0.023058015900314012
0.7032543519171905,0.28372535611765043,0.013020291965111648
0.7166523828508915,0.27743699516361425,0.005910621985446849
0.7299629030665591,0.2678223265737914,0.0022147703596018223
0.7423958104458808,0.25543449201856644,0.002169697535505217
0.7532237796535968,0.24102837783908332,0.005747842507272005
0.7618377339378654,0.2255016913297565,0.01266057473232987
0.7677935403764332,0.20982600585538216,0.02238045376813621
0.7708463474754182,0.19497307201376285,0.03418058051077078
0.7709699106077847,0.18184198762392187,0.04718810176824509
0.7683593824725907,0.1711926902020112,0.06044792732534966
0.7634172971916435,0.16359069627036696,0.0729920065379408
0.7567237530727564,0.1593671076334739,0.08390913929372089
0.7489930034625584,0.15859670802452458,0.09241028851286821
0.7410197056662948,0.16109557792720422,0.09788471640645212
0.7336188749456141,0.16643816854747434,0.09994295650686211
0.7275640827170198,0.17399231114474029,0.09844360613819077
0.7235285868386205,0.18296930557313734,0.09350210758819281
0.7220338748589086,0.19248513098911318,0.08548099415192853
0.7234095528961383,0.20162803265029827,0.07496241445351393
0.7277676639836227,0.20952731744901204,0.06270501856731509
0.7349934338223728,0.21541816468292532,0.049588401494651824
0.7447532006967325,0.2186976247547801,0.03654917454843728
0.7565189836796148,0.21896770452586145,0.02451331179447367
0.7696078779700887,0.21606246460995068,0.014329657419910092
0.7832333345368961,0.21005729962171538,0.006709365841337936
0.7965644695791387,0.20125994033119216,0.0021755900896184184
0.8087889275961961,0.19018410180207998,0.0010269706016731407
0.8191745381972338,0.17750799887715646,0.0033174629255588906
0.8271250837304249,0.1640210627712658,0.008853853498258388
0.8322259276093079,0.15056303820805497,0.017211034182585485
0.8342760100225244,0.13796015893440244,0.02776383104302184
0.8333037420079052,0.12696325558033744,0.039733002411706055
0.8295655436241355,0.11819243666061635,0.052242019715196285
0.8235270854642739,0.1120924220902238,0.0643804924454505
0.8158286055542086,0.1089017461265121,0.07526964831922765
0.8072368860759548,0.10863795260003942,0.08412516132395359
0.798587494016044,0.11109966575993355,0.09031284022397054
0.7907216388014247,0.1158851310558655,0.09339323014265714
0.7844224206521718,0.12242558018101429,0.0931519991667614
0.7803553029115579,0.13003067714078054,0.08961401994760963
0.7790173345242233,0.13794242830868278,0.08304023716704145
0.7806989974470481,0.1453933525813898,0.07390764997150967
0.7854616066261865,0.1516644483433009,0.06287394503045958
0.7931320183746257,0.15613857700746847,0.0507294046178528
0.8033150948811091,0.15834529715962709,0.03833960795921082
0.8154230271057272,0.15799389246713513,0.026583080427084575
0.8287193374714344,0.15499228227037823,0.016288380258134148
0.8423742649121525,0.14945061068596413,0.008175124401829787
0.8555273632824524,0.14166949147671665,0.0028031452407771772
0.8673525866210834,0.13211405080435165,0.0005333625745115935
0.8771209343572636,0.12137596980690554,0.001503095835776899
0.8842559023257788,0.11012660458066882,0.005617493093498539
0.8883775192088897,0.09906488867405197,0.012557592117004083
0.8893316031108535,0.08886405861283085,0.021804338276261274
0.8872019852951949,0.08012126523327857,0.03267674947147255
0.8823047338941409,0.07331384593215996,0.044381420173644735
0.875164772514863,0.06876546221744675,0.05606976526763576
0.8664766239778279,0.06662450127676006,0.06689887474535756
0.8570522165954374,0.06685616502019064,0.07609161838431709
0.8477596776017153,0.06924860251008741,0.08299171988814255
0.8394577302189147,0.07343236503447384,0.08710990474655649
0.8329306542919174,0.07891145985433756,0.08815788585368983
0.8288287386320595,0.08510342446370338,0.08606783690418156
0.8276187478063892,0.09138520098898,0.08099605120457563
0.8295481770278087,0.09714120578544053,0.07331061718669553
0.8346260321290331,0.101809887484886,0.06356408038602446
0.8426216253366128,0.10492525069511247,0.05245312396821912
0.8530815157540377,0.10615027321064702,0.04076821103525906
0.8653633491215985,0.10529982271739262,0.029336828160952646
0.8786840686956174,0.10235152846929997,0.018964402835026952
0.8921788754001458,0.09744401592069252,0.010377108679105164
0.9049664940095412,0.09086289268482588,0.004170613305576423
0.9162158158067595,0.08301580644658532,0.0007683777465990943
0.9252088744164559,0.0743987086089771,0.00039241697451034084
0.9313953796552145,0.06555609093767795,0.0030485294070509393
0.9344346646540274,0.057038370673964764,0.00852696467195088
0.9342218470745063,0.04935975512277391,0.016418397802662597
0.9308961948750579,0.04295981223609031,0.026143992888794754
0.9248310310666275,0.038171622129638795,0.03699734680367668
0.9166059086667565,0.03519881763576173,0.04819527369742448
0.9069631308658782,0.03410308788926446,0.058933781244799845
0.8967518803589585,0.034802877661831766,0.06844524197915236
0.8868641655259772,0.03708313404447671,0.07605270042948872
0.878167417762107,0.04061510033349744,0.08121748190433795
0.8714388357784071,0.044984400251574304,0.08357676396996117
0.8673064487134793,0.04972505097032964,0.08296850031613325
0.8662013692062099,0.05435663490655811,0.07944199588717392
0.868324867515377,0.05842167592593353,0.07325345655863139
0.8736327814542542,0.061520315339929216,0.06484690320575844
0.8818384684727854,0.06333965836918284,0.05482187315797316
0.892434104491783,0.06367563650859671,0.04389025899956196
0.9047287451027065,0.06244586426954287,0.032825390627692505
0.9179002937114042,0.059692707260345944,0.022406999028191085
0.9310574645568633,0.05557656238980809,0.013365973053270475
0.943307066592886,0.050360117629407626,0.006332815777647513
0.9538215250913259,0.04438504828491573,0.0017934266236991087
0.9619015329594081,0.03804316639662739,0.000055300643905583315
0.9670290855540326,0.03174442825864765,0.001226486187260934
0.9689068743208198,0.025884395025411355,0.005208730653709377
0.9674810417073924,0.020813722079352476,0.011705236213195936
0.9629455551038038,0.01681203018925803,0.020242414706878747
0.9557278462778216,0.014068107430594608,0.030204046291524168
0.946456779914269,0.01266784128506619,0.040875378800605246
0.9359153531697239,0.012590632079300315,0.05149401475091599
0.9249816862070774,0.013714345694012465,0.06130396809884996
0.9145627535977405,0.015828181545834607,0.06960906485636481
0.9055258606086802,0.018652215472031233,0.07582192391922866
0.8986330444145255,0.021861874283676967,0.0795050813017374
0.8944833644680891,0.02511524730657269,0.08040138822527804
0.8934674545627511,0.028080965212759965,0.07845158022442857
0.8957377859365885,0.030464388198682905,0.07379782586466835
0.9011969056614413,0.032030039178663795,0.06677305515983499
0.9095045569818471,0.03261857365178471,0.0578768693663071
0.9201031608195116,0.03215706403067421,0.04773977514975314
0.932259748316075,0.030661950344385125,0.03707830133947945
0.9451211882437753,0.028234622858884548,0.026644188897279385
0.9577785448007696,0.025050204525361042,0.01717125067380841
0.9693357072377636,0.02134064336701796,0.009323649395157556
0.9789771057220751,0.017373663864277567,0.0036492304135861634
0.9860293928717624,0.013429428248576325,0.0005411788796003899
0.9900124228681321,0.009776901352890919,0.00021067577891595302
0.9906756660223094,0.006651887733765258,0.0026724462438634604
0.9880172953942173,0.004238522539828438,0.007744182065892438
0.9822844905967005,0.00265566669506765,0.015059842708169936
0.973954923385588,0.0019492125550678555,0.02409586405928244
0.9637008126964978,0.0020907873167677503,0.03420839998667306
0.9523382557608843,0.002982792666682626,0.04467895157237128
0.940765656952464,0.004469186743011117,0.05476515630446313
0.9298959025917313,0.006350942666057701,0.06375315474214864
0.9205874053708197,0.008404745122779798,0.07100784950633836
0.9135792301932655,0.010403242388050266,0.07601752741862242
0.9094352071906233,0.012135074141649401,0.0784297186676644
0.9085012604449832,0.013422951323148816,0.07807578823180567
0.9108791835818625,0.014138265966232834,0.07498255045184218
0.916418851222334,0.014211037207870134,0.06937011156973329
0.9247294621732776,0.013634424797436016,0.06163611302922402
0.9352089715293618,0.012463525940337845,0.05232750253023786
0.94708949338532,0.010808673121015995,0.042101833493600936
0.9594952476929346,0.008823926578521817,0.03168082572848114
0.9715086753951582,0.006691864910815147,0.02179945969396405
0.9822397272278569,0.004606086438453688,0.013154186333626942
0.9908930903938648,0.002753016924404732,0.00635389268166741
0.9968282720211691,0.0012946614554169241,0.0018770665233508127
0.9996079973020757,0.00035383730032673843,0.000038165397534334496
0.9990312627768054,3.1901904844244713e-6,0.00096554703264685
0.9951485446715775,0.00025894988775613056,0.0045925054406029675
0.988258010865228,0.001079952788384114,0.010662036346324325
0.9788830209475469,0.002371987176751333,0.01874499187563815
0.9677326133436156,0.003997041746224049,0.02827034491009704
0.9556479646154977,0.005786601416013153,0.038565433968425426
0.9435388665267299,0.007557774167159103,0.048903359306047285
0.9323150210460772,0.009130779848356207,0.058554199105502365
0.9228173450973669,0.010346208635443338,0.06683644626712598
0.9157544759163275,0.011080473883694182,0.07316505019991439
0.9116492744395328,0.01125804022706894,0.07709268533333422
0.910799368007609,0.010859289700087602,0.07834134229223913
0.9132547120357283,0.009923272256335148,0.0768220157078723
0.9188138635173211,0.008545039354894092,0.07264109712772038
0.9270392446349748,0.00686774124610601,0.06609301411885507
0.937290239363302,0.005070138424850598,0.05763962221178283
0.9487716183264441,0.003350594450567532,0.04787778722292385
0.9605936292201058,0.0019089442832625752,0.03749742649656667
0.9718392093575996,0.0009278402388839652,0.027232950403452087
0.9816332398912296,0.0005552474127875593,0.01781151269591809
0.9892086085130156,0.0008896844557243333,0.009901707031194725
0.9939640903891016,0.0019695888548862716,0.0040663207559476396
0.9955096772288805,0.0037678454437969754,0.0007224773272576024
0.9936959347027778,0.006192080595873111,0.00011198470128376289
0.988625176910341,0.009090828828102724,0.0022839942614912376
0.9806436217694512,0.012265165254121954,0.007091212976361401
0.97031512897979,0.015484910408834275,0.014199960611310318
0.9583785138507689,0.01850809567221966,0.023113390476946234
0.9456916705547985,0.021102064833090798,0.03320626461204527
0.9331667335507224,0.023064408775130794,0.04376885767408179
0.9217011808866113,0.024241903379403844,0.0540569157339194
0.9121100869625287,0.024545750460888426,0.06334416257651748
0.9050646423422605,0.02396169963707433,0.07097365802059975
0.901041581381697,0.02255403453516583,0.07640438408307176
0.9002873310850051,0.020462907641080587,0.07924976127384843
0.9027995794944318,0.017895063766000283,0.07930535673950202
0.9083276435814195,0.015108556631336414,0.07656379978717846
0.91639159486758,0.012392588989875844,0.07121581614247907
0.9263186834513817,0.010044048943783782,0.0636372676047686
0.9372942949456204,0.00834263482323379,0.0543630702310797
0.9484235787306649,0.007526628826053677,0.044049792443215115
0.958799082628846,0.007771378394679507,0.03342953897640887
0.9675692791160286,0.009172370599635266,0.023258350284270004
0.9740028052498341,0.011734449467392594,0.014262745282707032
0.9775435670399631,0.015368253728414633,0.007088179231556129
0.9778525538323412,0.0198943791994123,0.0022530669681801157
0.9748332165515933,0.025055141334412286,0.00011164211392824955
0.9686385088127857,0.030533180226310828,0.000828310960837133
0.9596590775897904,0.0359755647330637,0.004365357677079408
0.94849351523639,0.04102156376605636,0.010484920997487336
0.9359029393936733,0.04533190343545962,0.018765157170800375
0.9227533493031376,0.04861715043119629,0.028629500265599604
0.9099501270763213,0.050662873067136335,0.03938699985647569
0.898369641247816,0.05134943504302293,0.05028092370909417
0.8887931232943911,0.05066466071816831,0.060542215987373964
0.8818478100184038,0.04870814713404753,0.06944404284748204
0.8779597896541936,0.045686646773479694,0.07635356357225959
0.8773220996730776,0.041900655753656216,0.0807772445731996
0.8798804672236218,0.037723058438167964,0.08239647433814326
0.8853377467743451,0.033571343347995476,0.08109090987759263
0.8931766951044106,0.0298754618762099,0.07694784301931311
0.9026993383824361,0.02704380336154227,0.07025685825595471
0.9130799344163713,0.02542997179866379,0.061490093784897955
0.9234275097360204,0.02530304974176971,0.051269440522142905
0.9328532330813216,0.02682381929444621,0.04032294762416517
0.9405375280089978,0.030028991260972374,0.02943348072996292
0.9457918543496495,0.0348249009223352,0.019383244727947592
0.9481104985621907,0.040991406385199915,0.010898095052541823
0.947208475072653,0.04819592818960486,0.004595596737674519
0.9430426963058292,0.05601675907292197,0.0009405446211818076
0.9358148380563382,0.0639740149008178,0.00021114704277685925
0.9259557128108681,0.07156595331822692,0.002478333870837697
0.9140923616220417,0.07830790931077174,0.007599729067119539
0.901000379397894,0.08377082796923306,0.01522879263280526
0.8875451005034404,0.0876163398890331,0.024838559607459128
0.874616107572891,0.08962553124829703,0.03575836117874471
0.8630600236100747,0.08971899709546287,0.04722097929439502
0.8536166687625893,0.08796640267219978,0.058416928565143064
0.8468634000349947,0.0845845672396766,0.06855203272526135
0.8431718252083923,0.07992396839005551,0.07690420640148447
0.8426801394036944,0.07444447421175486,0.08287538638448323
0.8452831459236527,0.06868197464916032,0.08603487942711942
0.8506406824380583,0.0632083329446096,0.08615098461726427
0.8582037809099685,0.058587651953256055,0.0832085671367073
0.8672565503452391,0.055332199892194935,0.0774112497624981
0.8769705866928548,0.05386143403617315,0.06916797927090428
0.8864677733721747,0.05446738687507793,0.059064839752678865
0.8948867096671298,0.05728924604182024,0.047824044290982026
0.9014477393870003,0.06229929615652005,0.03625296445641162
0.9055116680899518,0.06930154543523612,0.0251867864747441
0.9066277442876051,0.0779433954210283,0.015428860291298401
0.9045673008184937,0.08773970187436601,0.007692997307072125
0.899340544229254,0.09810759692617277,0.002551858844505148
0.8911952594049818,0.1084095740498275,0.00039516654512272904
0.8805975666591102,0.118001648000231,0.0014007853405907124
0.8681962251945127,0.12628294850939004,0.005520826296028964
0.8547732176608674,0.13274292863815648,0.012483853700908041
0.8411843818175008,0.13700248483532493,0.02181313334710591
0.8282945994897044,0.1388456918751935,0.03285970863503387
0.8169124543856785,0.13823952520134733,0.044848020412905934
0.8077292993061901,0.13533982810867615,0.05693087258506522
0.8012673284553813,0.13048281642460177,0.06824985511994824
0.7978405588835026,0.12416252092729542,0.07799692018913384
0.7975316396799169,0.11699566283981773,0.08547269748019735
0.8001862036316363,0.10967645516633662,0.09013734120195875
0.8054251452795207,0.10292464345417238,0.0916502112662384
0.8126738526435541,0.09743067732957572,0.0898954700268016
0.8212061400887032,0.09380219025138462,0.08499166965984334
0.8301995235298912,0.09251593263125217,0.07728454383878806
0.8387976297454003,0.09387895031966423,0.06732341993486697
0.8461750026387611,0.09800214882705757,0.05582284853411249
0.8515994001150544,0.10478847934580891,0.043612120539068155
0.8544868777229306,0.11393689171801377,0.03157623055898674
0.8544455131068153,0.1249620034115567,0.020592483481559683
0.8513044954863775,0.13722822310507266,0.011467281408480846
0.8451264201626996,0.14999593585429402,0.0048776439829374876
0.8362019043544284,0.16247639247509235,0.0013217031704101615
0.8250269804497217,0.1738912255472088,0.0010817940030005346
0.812265024438051,0.18353209736832068,0.004202878193559646
0.7986961424100818,0.19081590777639137,0.01048794981345799
0.7851578787456942,0.1953312628211842,0.01951085843305268
0.7724817553324257,0.19687251275153064,0.030645731915974913
0.7614304537808021,0.1954585676549937,0.04311097856413557
0.7526403901655708,0.19133482619518805,0.05602478363917228
0.7465740100551588,0.18495782372824437,0.06846816621652783
0.7434853834460621,0.1769635249272059,0.07955109162666323
0.7434016622578808,0.16812145222930552,0.08847688551274491
0.7461217550523527,0.15927795696918112,0.09460028797839702
0.7512322666352002,0.1512928173003932,0.09747491606433759
0.7581394434545362,0.14497391542324284,0.09688664112215181
0.7661146581869767,0.1410149585292525,0.09287038328370205
0.7743499497588762,0.13994104231186724,0.08570900792918781
0.7820193847641471,0.14206632065018823,0.07591429458559579
0.7883415788319942,0.14746717640441523,0.06419124476352128
0.7926386433753787,0.1559731484489308,0.0513882081756209
0.7943871087660784,0.16717654298281936,0.03843634825103303
0.7932569966035645,0.18046024206039646,0.026282761335970007
0.7891361232418778,0.19504182641239362,0.015822050345659085
0.7821378443085448,0.2100308600624528,0.007831295628933027
0.7725917094896948,0.22449513967842397,0.002913150831811792
0.7610177925114093,0.23753097470247792,0.0014512327860436267
0.7480866947458981,0.24833219516554078,0.0035811100884923313
0.7345682989406495,0.25625261537882693,0.00917908568045442
0.7212731910335756,0.260857115807078,0.017869693159276924
0.7089912098788869,0.26195731399040645,0.029051476130637105
0.6984317868960553,0.25962892104208357,0.04193929206179182
0.690170585970982,0.2542092407530704,0.055620173275878315
0.6846064610586745,0.24627476253761085,0.0691187764036455
0.6819319533715562,0.2366003148331189,0.08146773179525543
0.6821195131039065,0.2261026667276341,0.09177782016839002
0.6849244317723923,0.21577268301726596,0.09930288521027214
0.6899042018690723,0.20660105644114937,0.1034947416897092
0.6964527771069452,0.19950318709701365,0.10404403579597148
0.7038470832529732,0.19524890722784438,0.10090400951911305
0.7113022111322056,0.19440244530207865,0.0942953435656467
0.7180310787559185,0.1972773050405141,0.08469161620349798
0.7233040265718211,0.20390965300685115,0.07278632042125836
0.7265038318988356,0.2140524410719452,0.05944372702914964
0.7271719927614532,0.22719093857722963,0.04563706866124802
0.7250428087312298,0.24257872953462786,0.03237846173407304
0.7200627244866693,0.25929166529313413,0.020645610220127373
0.7123935285141602,0.27629587245731513,0.011310599028454712
0.7023992285347489,0.2925248071018327,0.005075964363348566
0.6906176632330336,0.30695960676006745,0.002422730006829382
0.677719062753445,0.31870668130755075,0.0035742559389350865
0.6644547510691923,0.3270666306877131,0.00847861824302472
0.6515999179925916,0.3315891748750846,0.016810907132253833
0.6398948224760946,0.33210978863830654,0.02799538888552904
0.6299888902037062,0.3287650780518962,0.041246031744327956
0.6223919308841435,0.3219855184706686,0.05562255064511877
0.6174361434900064,0.31246587687810257,0.0700979796318211
0.6152517444804755,0.30111533691688674,0.08363291860256808
0.6157580091200834,0.28899090364641067,0.0952510872334364
0.61867033952275,0.27721896744184027,0.10411069303534008
0.6235227548228927,0.2669108511240333,0.10956639405300439
0.6297040315563723,0.2590786762756028,0.11121729216795508
0.6365046943198645,0.25455792085397955,0.10893738482608642
0.6431712455552878,0.2539425934774065,0.10288616096723593
0.6489634895668559,0.2575380495902799,0.09349846084279428
0.653210589008265,0.26533518525292676,0.08145422573873878
0.6553616072275857,0.27700815983768834,0.06763023293465596
0.6550267268899898,0.29193603698174947,0.05303723612819104
0.6520060596800968,0.3092469257857335,0.0387470145340999
0.6463039173728545,0.32788148812259704,0.025814594504478462
0.6381275276086024,0.3466711839560201,0.015201288435307823
0.6278703630815422,0.36442546998091346,0.007704166937474275
0.6160814201963951,0.38002143829615287,0.0038971415073823
0.6034228439558182,0.3924891401231422,0.0040880159209698225
0.5906191697780664,0.401086107289344,0.008294722932519623
0.578402074529537,0.405355345348212,0.016242580122181233
0.5674548521541248,0.4051622733174792,0.027382874528325527
0.5583608306670863,0.40070763877780113,0.040931530555042304
0.55155962826827,0.39251522874228234,0.055925142989377764
0.5473145326097748,0.38139509254789467,0.07129037484226065
0.5456934267930027,0.3683848503328129,0.08592172287411426
0.5465646450047396,0.3546733385002983,0.0987620164948922
0.5496079997701531,0.34151221345469307,0.10887978677508403
0.5543400688063927,0.3301220906634332,0.11553784053010416
0.56015175022518,0.3216002621019361,0.11824798767281415
0.5663551720759248,0.31683697224479684,0.11680785567920834
0.5722363454090522,0.31644664157466107,0.1113170130162166
0.57710953111168,0.3207193477139692,0.10217112117428075
0.5803691802973184,0.3295963855887187,0.09003443411389321
0.5815355129698039,0.34267193897785464,0.07579254805227127
0.5802903029403323,0.3592209394241986,0.06048875763539927
0.5765001988530994,0.37825121147239016,0.045248589674439836
0.5702258724461499,0.39857615491727755,0.031197972636502303
0.5617163717363718,0.4189026359009533,0.019380992362604967
0.5513891853536402,0.43792757066171667,0.010683243984572745