0.9984461422656119,0.0005068185846112837,0.0010470391497759601
0.9938918624541132,0.0020024039333938664,0.004105733612491409
0.9866515660900068,0.004413178067551762,0.008935255842440138
0.977224868016444,0.007619932788721805,0.01515519919483211
0.9662617884661802,0.011462882119327144,0.02227532941448985
0.9545174744283762,0.015748568607359122,0.029733956964261368
0.9427996027880304,0.020258442141702915,0.036941955070262954
0.9319121315605773,0.024758861139164822,0.043329007300253804
0.9225993196219267,0.02901218993133065,0.04838849044673817
0.9154939159533282,0.03278858656129149,0.0517174974853752
0.9110731279801945,0.03587799777902316,0.05304887424077648
0.9096254354724713,0.03810181028083473,0.052272754246687654
0.9112305596407119,0.03932355768304189,0.049445882676239665
0.915753979363536,0.03945806002970405,0.04478796060675271
0.9228563719883919,0.03847838467617701,0.03866524333542335
0.9320173156644215,0.036420070227007634,0.03156261410856279
0.9425715962899814,0.03338215218334728,0.024046251526662846
0.9537555842052211,0.029524669966576843,0.016719745828192842
0.964760444931994,0.02506251601107641,0.010177039056919886
0.9747884733723313,0.020255700592703433,0.004955826034954932
0.9831086249465161,0.015396339105706043,0.0014950359477669426
0.9891073751186461,0.010792906554593508,0.00009971832674877703
0.9923313664364699,0.006752529801145418,0.000916103762372797
0.9925188765990562,0.0035622833449176117,0.003918840056013348
0.9896179219536965,0.0014706013476762112,0.008911476698614543
0.9837897436196328,0.0006700014873307646,0.015540254893023296
0.9753974429820879,0.0012823228041862816,0.023320234213711755
0.9649805684261289,0.003347602563334219,0.03167182901052219
0.9532174336781016,0.006817554717817486,0.03996501160406612
0.9408778017870187,0.011554369672948019,0.047567828540017724
0.928769238164243,0.017335243137577713,0.053895518698163065
0.9176808746650155,0.02386267847290435,0.058456446862063305
0.9083285040395139,0.030780214908705028,0.06089128105176415
0.9013048280539785,0.03769283990114716,0.06100233204485674
0.897038320116845,0.04419097637568031,0.058770703507456425
0.895763559855684,0.049876623184714704,0.05435981695958308
0.8975050950777457,0.05438999609612282,0.048104908826112965
0.9020759420262939,0.05743488887641141,0.040489169097275214
0.9090908138199997,0.05880096504713418,0.032108221132846615
0.9179931407074614,0.05838130827410882,0.023625551018409362
0.9280939858490309,0.05618380176399521,0.0157222123869528
0.9386201336154731,0.05233526383499094,0.009044602549514572
0.9487679913659919,0.04707771831619399,0.0041542903177916235
0.9577595444686884,0.04075669691228195,0.0014837586190071562
0.9648964656563765,0.033802022090041864,0.0013015122535587258
0.9696086130275946,0.02670206521712708,0.0036893217552550904
0.9714935464890204,0.019972975945970695,0.008533477564985242
0.9703443222937216,0.014124796920256552,0.015530880785997434
0.9661636453506461,0.009626678825650263,0.02420967582367872
0.9591634117505735,0.006873567664019206,0.03396302058538171
0.9497496928762476,0.00615673127416766,0.04409357584955886
0.9384942264204132,0.00764031894935106,0.053865454630209156
0.9260944179505322,0.011345811887638484,0.06255977016180223
0.9133246540336044,0.017145740608740596,0.06952960535762749
0.9009823289920429,0.02476744711848382,0.07425022388944545
0.8898323504963233,0.03380699286115555,0.07636065664249275
0.8805539894598893,0.04375260391668541,0.07569340662339677
0.8736937705021417,0.05401635214319484,0.07228987735463457
0.8696276728008735,0.06397214534818381,0.06640018185091293
0.8685352575975961,0.07299758839553706,0.05846715400683708
0.870387503865176,0.08051692115043456,0.04909557498435899
0.8749491761718713,0.08604206928406968,0.03900875454402773
0.8817955355109652,0.08920887878829106,0.028995585700711684
0.890342205518032,0.08980584902395007,0.019851945457985652
0.8998860926116502,0.08779312174050363,0.012320785647813262
0.9096544927004773,0.08331009958102767,0.007035407718462033
0.9188589523007485,0.07667081863105007,0.004470229068167898
0.92675012718918,0.06834703613746772,0.004902836673318044
0.9326698192542316,0.058939859465992075,0.008390321279741327
0.9360965758596461,0.049141574730285735,0.014761849410032852
0.9366816910966477,0.039690072859872104,0.02362823604344502
0.9342731225806561,0.03131886160973371,0.034408015809573776
0.9289256835338507,0.024706047636261958,0.04636826882985081
0.9208968284984552,0.020425839428702262,0.05867733207280547
0.9106283551376644,0.018906041230204288,0.07046560363209331
0.898715324160812,0.020394678984690915,0.08088999685445897
0.8858643862725769,0.024938338479226208,0.08919727524815856
0.8728444376159649,0.032374036969004115,0.09478152541499237
0.8604330527637967,0.04233554152969169,0.09723140570647239
0.8493624306171057,0.054274051018022046,0.09636351836483287
0.840268614188502,0.06749214258692124,0.09223924322453639
0.8336475089880515,0.0811889201133691,0.0851635708985387
0.8298207436427131,0.09451346064335758,0.07566579571388794
0.8289137245384361,0.10662299901549582,0.064463276446026
0.8308473823514945,0.11674187145614327,0.05241074619231981
0.8353441521813474,0.12421709172603035,0.040438756092579284
0.8419477374387188,0.12856657530636517,0.02948568725487321
0.8500552498081292,0.12951645483281135,0.020428295359016115
0.8589594601030249,0.1270246196973437,0.014015920199587435
0.8678981971158302,0.12128852134513297,0.010813281538992282
0.8761074418058027,0.11273635357819806,0.011156204615954245
0.8828744159281843,0.10200187170707962,0.015123712364690296
0.8875869741415119,0.08988427543330339,0.022528750425138768
0.8897758753664259,0.07729566544155406,0.032928459191973555
0.8891470134563206,0.06519951401393353,0.045653472529698806
0.8856013933359094,0.05454429609294285,0.05985431057110028
0.8792414969690324,0.0461968541945958,0.07456164883632371
0.8703636336797639,0.040880182257715635,0.08875618406247217
0.8594368450824588,0.03912009550672637,0.10144305941076591
0.8470698681975044,0.041204714519940074,0.11172541728250636
0.8339684864071076,0.04715986380992465,0.11887164978291807
0.8208862595612354,0.05674242145202622,0.12237131898668817
0.8085720762145302,0.06945242761615028,0.12197549616926867
0.797718181849469,0.08456345037462949,0.11771836777585064
0.7889122930649498,0.10116940835926136,0.10991829857573744
0.7825971129021254,0.11824485418721264,0.09915803291060958
0.779040038017372,0.1347147169226257,0.08624524505994936
0.7783151314893043,0.1495287611272738,0.0721561073833692
0.7802985761383567,0.16173560172864396,0.05796582213294578
0.7846778825395988,0.17055105353902,0.044771063921327285
0.7909741691195954,0.1754159024940693,0.03360992838628094
0.7985759254520121,0.17603884719469964,0.025385227353233425
0.806781876976659,0.17242133336985335,0.02079678965343263
0.8148499446402803,0.16486222671730302,0.020287828642360915
0.8220488792868362,0.15394165871104648,0.024009462002060628
0.8277089760755398,0.14048483963304986,0.031806184291353325
0.8312683501076955,0.12550806090534014,0.04322358898690728
0.8323115746682715,0.11015040292804332,0.05753802240362817
0.8305980249269983,0.09559573105455303,0.07380624401839041
0.8260779941821791,0.0829903216896946,0.09093168412806774
0.8188955057719481,0.07336185395826872,0.10774264026972413
0.8093776716402915,0.06754549620234823,0.12307683215730078
0.7980113834664351,0.06612240483894134,0.13586621169456364
0.7854089992274835,0.06937515868705987,0.14521584208539648
0.7722654463164178,0.0772635251483457,0.15047102853517572
0.7593097496103245,0.08942257038197655,0.15126768000763763
0.74725436899336,0.10518357807520759,0.14756205293137076
0.7367458704341685,0.12361663782663213,0.13963749173913728
0.728320348991199,0.1435922173695406,0.12808743363919767
0.7223666793526454,0.1638576533508904,0.1137756672964013
0.7191001144420933,0.18312338337530992,0.09777650218253359
0.7185480246292564,0.2001529802175352,0.08129899515314452
0.7205487204374138,0.2138506965223971,0.0656005830401245
0.7247633898465927,0.2233403157624715,0.05189629439087087
0.7307002709486439,0.2280296327202051,0.04127009633108591
0.7377493350511857,0.22765582307998433,0.03459484186876448
0.7452250328349126,0.2223082461792599,0.032466720985761394
0.7524141065232908,0.21242677135675944,0.03515912211988322
0.7586251316902637,0.19877542066334922,0.04259944764632027
0.7632363460017246,0.18239286048312575,0.05437079351508218
0.7657384552678532,0.16452292911651778,0.06973861561556119
0.7657694694213815,0.1465298382910393,0.08770069228751075
0.7631391862995667,0.1298038284612062,0.10705698523915837
0.7578416692740485,0.1156638057519105,0.12649452497397154
0.7500549045781909,0.10526378444709612,0.14468131097464293
0.7401277168348452,0.09950977629315422,0.16036250687193035
0.7285549045861083,0.0989931134480171,0.17245198196580386
0.7159423702975446,0.10394510607916344,0.18011252362322075
0.7029647052604526,0.11421648990700739,0.18281880483246846
0.6903182020102465,0.12928341131626114,0.18039838667342029
0.6786725705609922,0.1482798457028625,0.17304758373607312
0.6686247098097076,0.1700544778334263,0.16132081235679344
0.6606577277384164,0.19324832313311435,0.14609394912839585
0.6551080255682077,0.21638786123325485,0.12850411319846344
0.6521426890952776,0.23798729736217406,0.10987001354247362
0.6517487056586749,0.2566528491645685,0.09159844517668193
0.6537346985639951,0.27118173217716196,0.07508356925876793
0.6577450001456323,0.2806488080290929,0.06160619182519916
0.663285030595797,0.2844746507716084,0.0522403186325188
0.6697561713725424,0.28247002824330886,0.04777380038407252
0.6764976730259865,0.27485340425198257,0.048648922721954216
0.6828326620109295,0.2622399338605804,0.05492740412841292
0.6881150415715076,0.24560241899390717,0.06628253943450718
0.6917740357356672,0.22620667520946236,0.08201928905479239
0.6933533049001785,0.20552559235503182,0.10112110274471112
0.692541952827918,0.18513772075060753,0.12232032642139543
0.6891953198968703,0.166617367903348,0.14418731219970174
0.6833441753263013,0.15142386282558373,0.16523196184803485
0.6751917313569196,0.1407977831933186,0.18401048544968154
0.6650987483430032,0.13567152952627223,0.19922972213064388
0.6535578226130829,0.13660069369200384,0.20984148369483177
0.6411586918804861,0.14372126720624412,0.215120040913188
0.6285470048952723,0.1567359624297615,0.21471703267488398
0.6163794412482839,0.17493089844516146,0.20868966030647174
0.6052783042860475,0.19722177357555792,0.19749992213831147
0.5957887296693033,0.22222655769857433,0.18198471263203866
0.5883414540602802,0.24835983780411888,0.16329870813551672
0.5832236876863692,0.27394237579837977,0.1428339365151665
0.5805600599916758,0.2973183028257126,0.12212163718252698
0.5803049000182243,0.31697176380378905,0.10272333617790125
0.5822463223009123,0.33163478759684195,0.08611889010216034
0.586021770139363,0.34037870039561124,0.0735995294649402
0.5911438779721949,0.34268248954245506,0.0661736324852634
0.5970348077404182,0.3384730903002078,0.06449210195928703
0.6030666390125465,0.328134502660437,0.06879885832692881
0.6086049882696114,0.31248481586098764,0.07891019586931317
0.6130528260721131,0.2927224735659132,0.09422470036188507
0.6158914649649966,0.27034529402406554,0.1137632410108493
0.6167159043581462,0.24704771214707757,0.136236383494687
0.6152621252166155,0.22460329431707218,0.1601345804662228
0.6114244979002483,0.20474067668503937,0.18383482541462184
0.6052621604445041,0.18902161180779992,0.20571622774760545
0.5969939932210966,0.17872973406496948,0.2242762727138433
0.586982605650895,0.17477797143559395,0.2382394229134196
0.5757085067348993,0.17764128296974344,0.2466502102952655
0.5637363015756331,0.18731967108394168,0.2489440273403327
0.5516752949937027,0.2033343238476229,0.24499038115858154
0.5401372544069796,0.22475742962546705,0.23510531596746
0.5296942627815889,0.2502738363860348,0.2200319008322828
0.5208395675970787,0.27827046764454383,0.20088996475828352
0.5139541064488228,0.3069474169416585,0.17909847660942418
0.5092809810258715,0.33444306572510785,0.15627595324892601
0.5069095882143584,0.3589645201917576,0.1341258915937888
0.5067704398932593,0.37891421936400654,0.11431534074263815
0.5086409591392006,0.39300376548818433,0.09835527537251856
0.5121617818444187,0.40034685971857403,0.08749135843691047
0.5168623716514636,0.4005246371308424,0.0826129912175968
0.5221941221302782,0.39361859017788375,0.08418728769174047
0.527568616413872,0.38020851860682403,0.0922228649792056
0.5323983749167178,0.36133539044700286,0.10626623463618094
0.5361372685606431,0.3384314716590341,0.1254312597802241
0.5383178173775135,0.31322240696362513,0.1484597756587621
0.5385828281272561,0.2876079459770693,0.1738092258955747
0.5367092321729349,0.263529562728576,0.19976120509838935
0.5326225369332479,0.2428341998743106,0.2245432631923409
0.5264009616780339,0.22714370791796695,0.24645533040389805
0.5182690451558996,0.21773921595978277,0.26399173888421634
0.5085812387106464,0.2154686827247129,0.27595007856453885
0.49779668404502336,0.22068430000704142,0.2815190159478328
0.4864469726959328,0.23321436241816768,0.28033866488579673
0.47509915406218683,0.25237181941441367,0.27252902652329625
0.4643165690808951,0.2769991549683399,0.2586842759506617
0.4546202172266749,0.30554667722710566,0.2398331055461154
0.4464533077884395,0.3361789260598536,0.21736776615160208
0.4401514077072644,0.3669018894115417,0.19294670288108914
0.4359201954708084,0.395702204608447,0.16837759992063903
0.43382229265529587,0.4206886184359683,0.14548908890863013
0.43377400975665986,0.4402257576303768,0.12600023261285725
0.43555215540883924,0.4530507394880024,0.1113971051030517
0.43881036566185944,0.4583643013617912,0.1028253329762424
0.4431037603462355,0.45588987106936,0.10100636858429701
0.4479201710137705,0.44589621840390065,0.10618361058222096
0.4527157474881361,0.4291818674530165,0.11810238505873887
0.4569524667364754,0.40702213306605783,0.13602540019735807
0.46013495679475414,0.38108228406719347,0.15878275913794296
0.4618441160529281,0.35330274416063234,0.18485313978632992
0.4617652482078688,0.3257642475575728,0.21247050423444822
0.45970882770047206,0.3005423261809481,0.23974884611846917
0.4556225310794809,0.27956131259330463,0.26481615632710337
0.44959377966614045,0.2644581367098815,0.2859480836238665
0.4418426955033797,0.2564655640791082,0.30169174041740027
0.43270603039517797,0.25632320928549984,0.3109707603192097
0.4226132417265538,0.2642227486284532,0.31316400964488006
0.41205641696626216,0.27979138296208983,0.308152200071535
0.40155615580780457,0.3021149292540266,0.2963289149380553
0.3916257779453513,0.32979913489050067,0.2785750871640338
0.38273631905384103,0.3610651078479789,0.2561985730980655
0.37528470262014824,0.39387232958205537,0.23084296779768143
0.36956723750141485,0.42606073853371756,0.204372023964752
0.36576020821749516,0.4555019825708976,0.17873780921149152
0.3639088245531115,0.48024923968613636,0.15584193576063568
0.3639252143904265,0.4986750508724913,0.13739973473696532
0.3655955194574889,0.5095873981080282,0.12481708243436546
0.36859553097583864,0.51231574206073,0.11908872696331356
0.37251372362094404,0.5067608075857408,0.12072546879319698
0.3768800509485927,0.4934044271347351,0.12971552191655353
0.3811984865858879,0.47327854724358215,0.14552296617041094
0.38498105785238823,0.4478953755523283,0.16712356659516406
0.3877810369751252,0.41914339314167776,0.19307556988307706
0.38922303377766,0.3891563849444406,0.22162058127777892
0.38902796574657594,0.36016457678095454,0.2508074574723491
0.3870312493838293,0.334338272226775,0.27863047838927446
0.38319303429254825,0.3136349609593079,0.3031720047480224
0.37759985484507713,0.29966067814615566,0.32273946700864514
0.3704576650319366,0.29355544168735503,0.33598689328058595
0.36207680950701526,0.29591094428805953,0.34201224620480253
0.3528500278896616,0.3067264434854086,0.3404235286248064
0.34322505338586073,0.3254061296906186,0.33136881692339687
0.33367371991441575,0.3507983458444007,0.3155279342410591
0.3246597112171974,0.3812740862585268,0.2940662025241508
0.3166071573068392,0.41483942418631986,0.2685534185067158
0.30987220466524623,0.4492741042713182,0.24085369106331017
0.30471946376856207,0.4822866590625166,0.2129938771687952
0.301304887430618,0.5116752029649583,0.18701990960429718
0.29966618126477346,0.5354826102710001,0.16485120846409965
0.29972132508927624,0.5521351310722179,0.1481435438383786
0.30127522760998227,0.5605546188130726,0.13817015357681725
0.3040339843970513,0.5602363603359605,0.13572965526685996
0.3076256985213296,0.551286888306374,0.14108741317216758
0.3116263884816686,0.5344189508501785,0.1539546606680236
0.3155891779513658,0.5109038187141172,0.1735070033343874
0.3190747576868758,0.4824841152557162,0.19844112705727765
0.32168104417636256,0.4512531472329466,0.22706580859056064
0.3230700352184155,0.4195090969772566,0.25742086780419704
0.32299007294597887,0.3895942395064695,0.2874156875474206
0.3212920541136156,0.3637304420925756,0.31497750379367695
0.31793855212393624,0.34386250886953607,0.33819893900639536
0.31300530546143207,0.33152042470459814,0.355474269833837
0.3066750490103714,0.3277102634944794,0.3656146874950158
0.29922418248528526,0.33284154420116513,0.3679342733134161
0.29100324891737145,0.3466962804131481,0.36230047066934645
0.2824126038797189,0.3684420528101034,0.3491453433100433
0.2738749661430764,0.3966883427913542,0.3294366910654346
0.26580673289359213,0.42958231693757687,0.3046109501686957
0.2585900058622741,0.4649374609289894,0.27647253320860044
0.2525472059278842,0.5003861256664563,0.24706666840552322
0.24791995912495465,0.5335453338596589,0.21853470701524993
0.24485363110282782,0.5621842252466844,0.19296214365035066
0.24338849185598718,0.5843813638179524,0.17223014432592285
0.24345803565997695,0.5986608046118054,0.15788115972807923
0.24489449409682795,0.6040972761043667,0.15100822979866665
0.24744109598623681,0.6003829767590952,0.152175927254529
0.2507701794917394,0.5878511621957024,0.16137865831241868
0.2545058783916835,0.567454725716026,0.1780393958921505
0.2582498114807191,0.5407011374517517,0.20104905106738907
0.2616080199069361,0.5095481837575833,0.22884379633533963
0.2642173330131099,0.47626772161733627,0.2595149453694125
0.2657694018022179,0.4432869364134141,0.2909436617842262
0.26603081507604603,0.4130182036960455,0.3209509812277663
0.2648579933785924,0.38768949096976,0.347452515651505
0.26220592007688853,0.36918723280097143,0.36860684712199693
0.258130191810132,0.3589227694518322,0.38294703873789226
0.25278232310686205,0.3577318127053587,0.38948586418763514
0.2463986915683811,0.36581410490017097,0.38778720353130325
0.23928393046302168,0.3827176284044884,0.37799844113234515
0.2317899371616952,0.40736859927534663,0.3608414635628128
0.22429194515248158,0.43814525985131847,0.3375627949960535
0.21716328678464963,0.47299039703298484,0.3098463161822193
0.21075054268707308,0.5095547739198845,0.2796946833928954
0.20535072877984623,0.5453614661941537,0.2492878050258527
0.2011920173747689,0.5779795973267015,0.22082838529838206
0.19841923669286773,0.6051952756357396,0.19638548767124447
0.19708506122010913,0.6251677022058257,0.17774723657391636
0.19714741674644926,0.6365594321640315,0.1662931510893702
0.19847320522063724,0.6386315635389679,0.16289523124024555
0.20084803388403893,0.631297073611295,0.16785489250451593
0.20399123845904027,0.6151284516198221,0.18088030992098683
0.20757514730064652,0.5913189837663314,0.2011058689328712
0.21124726443620528,0.5616003064241502,0.22715242913949343
0.2146538711906631,0.5281219268046861,0.257224202004499
0.21746346926518956,0.49330109949015444,0.2892354312445038
0.21938851649916274,0.4596535518985016,0.32095793160218267
0.22020403689169177,0.42961692236610716,0.3501790407420477
0.21976190889147001,0.40537931296581,0.37485877814256624
0.2179999346415962,0.3887250256983396,0.39327503965991
0.21494514713704715,0.38090836693110197,0.40414648593169605
0.2107111980772834,0.3825644524959188,0.40672434942664293
0.20549006078413481,0.39366336061396434,0.40084657860174516
0.19953865408018187,0.41351094257362514,0.38695040334603686
0.19316132032455893,0.4407963248376946,0.3660423548375899
0.18668935294677033,0.47368285125453297,0.3396277957985397
0.18045894942366708,0.5099361516128258,0.3096048989633496
0.17478905388971502,0.5470803989939498,0.27813054711617713
0.16996054482845005,0.5825718188236262,0.24746763634776545
0.16619811933922302,0.6139772791559253,0.21982460150469293
0.16365603428446443,0.6391454127673646,0.19719855294801147
0.16240859976472163,0.6563582252914362,0.1812331749436825
0.16244600003531728,0.6644524959506728,0.17310150401384947
0.1636756627403165,0.6629023846660091,0.1734219525935131
0.16592903269334539,0.6518573743264371,0.18221359298005604
0.1689732552497457,0.6321328096126511,0.1988939351374416
0.17252695927530085,0.6051536240883734,0.22231941663616347
0.17627907087154868,0.5728551411267646,0.25086578800152404
0.1799094025115964,0.5375478596574206,0.2825427378308195
0.1831096593266844,0.5017556792867117,0.31513466138644036
0.18560349066279577,0.4680389012676004,0.3463576080694396
0.1871642905500341,0.43881442862584863,0.37402128082395253
0.1876296094904786,0.4161858028482574,0.39618458766109893
0.18691127076541525,0.4017950396321131,0.4112936896023062
0.18500057157474695,0.39670670859979323,0.4182927198252939
0.18196827359383558,0.4013324473327493,0.4166992790732486
0.17795942764785508,0.4154012663473195,0.40663930600465864
0.17318341107274338,0.43797778748759575,0.3888388014394937
0.1678998625264969,0.4675271894496926,0.3645729480236424
0.1624014581271803,0.5020223477406446,0.3355761941320066
0.156994668655818,0.5390856837533836,0.3039196475906294
0.15197975823605311,0.576155788412466,0.2718644533513115
0.14763132339404925,0.610667132988967,0.24170154361681376
0.14418062604745008,0.6402302473202435,0.21558912663213606
0.14180084848083216,0.6627997002713967,0.19539945124760008
0.14059620152349367,0.6768180629166283,0.18258573555970675
0.14059556219936836,0.6813257129364892,0.17807872486397044
0.1417510208854066,0.6760287317840268,0.1822202473303944
0.1439413997749139,0.6613200864765838,0.1947385137483293
0.14698048469428124,0.6382525689426194,0.2147669463629261
0.15062941146976772,0.6084653570469607,0.24090523148309786
0.15461238510679856,0.5740693241418021,0.27131829075122493
0.15863470147726444,0.5374991285118017,0.3038661700107592
0.16240189987396533,0.5013424557132767,0.3362556444125827
0.16563880918525162,0.46815840035029427,0.36620279046427806
0.1681072642047627,0.44029774523151854,0.39159499056354247
0.16962136031040412,0.41973777027954334,0.41064086940987565
0.17005927809455929,0.40794320930287387,0.4219975126023896
0.1693709336937318,0.40576314065004354,0.42486592565604714
0.1675809809722473,0.4133710763237264,0.41904794270384815
0.16478699095775887,0.43025248042006664,0.4049605286219958
0.1611529428882898,0.4552406150102768,0.38360644210125433
0.15689846029024898,0.48659821418586446,0.35650332552370684
0.15228449577135605,0.5221392639891606,0.3255762402393032
0.1475963926975129,0.5593823442117998,0.2930212630905066
0.14312541660522135,0.5957247662680996,0.26114981712649826
0.13914994388245752,0.6286252760739914,0.2322247800433691
0.135917514176852,0.6557824854182529,0.2083000004047133
0.13362889519296017,0.6752964925335281,0.1910746122733293
0.13242517788105165,0.6858023317647456,0.18177249035401974
0.132378724930554,0.686565870604886,0.18105540446437635
0.13348854842520014,0.6775354108667264,0.18897604070788923
0.13568040919953342,0.659345363837523,0.20497422696275897
0.1388116288173312,0.6332717379466465,0.22791663323583702
0.1426803042597398,0.6011425647751779,0.25617713096489647
0.14703833438666472,0.5652095568369133,0.287752108776236
0.15160742378708128,0.5279900156015058,0.3204025606112259
0.1560970391653776,0.49209009900195905,0.3518128618324759
0.16022316799691405,0.46002186710454385,0.3797549648983545
0.16372667681655995,0.43402696065706053,0.4022463625261914
0.16639009058028686,0.41591929928548454,0.4176906101340402
0.16805171365430385,0.4069578472217908,0.4249904391237164
0.16861618100156187,0.4077583789500962,0.42362544004815206
0.16806075455837785,0.4182504340257329,0.41368881141569935
0.16643695042015672,0.4376824726647204,0.39588057691493234
0.16386738024869957,0.46467485516325735,0.3714577645878521
0.16053799646498046,0.4973169072120011,0.34214509632282664
0.15668622589164327,0.5333012361301096,0.31001253797805484
0.15258574176753467,0.5700858477163162,0.27732841051595625
0.14852884248262518,0.6050726635756344,0.2463984939415471
0.14480756286704582,0.6357898913050657,0.21940254582769458
0.1416947300894546,0.6600654351604276,0.19823983474992354
0.13942618531355813,0.6761791709807236,0.18439464370552336
0.13818532322148316,0.6829834010106614,0.1788312757676601
0.1380909582876957,0.6799830464436184,0.1819259952684902
0.13918931796600997,0.6673699698753125,0.19344071215848097
0.14145070165065227,0.6460090467062172,0.21254025164293383
0.1447710467467716,0.6173769966597495,0.23785195659328143
0.148978328224552,0.5834583053136436,0.26756336646160644
0.15384340568301366,0.5466055775200609,0.299551016796727
0.15909464225936848,0.5093741582137156,0.3315311995267172
0.16443537145347792,0.47434265640078577,0.3612219721455369
0.1695630973734495,0.443931989027431,0.3865049135989197
0.17418919377692352,0.42023565463877904,0.405575151584097
0.17805782591428337,0.40487314646093636,0.4170690276245791
0.1809628599289549,0.3988767778421595,0.42016036222868397
0.1827616455473678,0.40261983573657123,0.41461851871585886
0.1833847519271083,0.4157910665548062,0.4008241815178831
0.18284099197476986,0.4374172385082201,0.37974176951680716
0.181217371266304,0.4659321451431784,0.3528504835903142
0.17867392487653128,0.49928715385512645,0.32203892126813805
0.17543373801614484,0.5350954899558364,0.2894707720278141
0.17176876286851747,0.5708000857973552,0.257431151333922
0.16798232370038083,0.6038531809199608,0.2281644953794526
0.16438942662749959,0.6318950479072428,0.20371552546505126
0.16129614416415247,0.6529192956409745,0.18578456019466638
0.1589794170978496,0.6654131604376484,0.17560742246429487
0.15766860169380156,0.6684629675873144,0.17386843071867622
0.1575299887281448,0.6618174054577455,0.18065260581390155
0.15865533802514345,0.6459042277255094,0.19544043424913826
0.1610552190578744,0.6217992767023534,0.2171455042395626
0.16465764052013712,0.5911500712977087,0.24419228818194433
0.16931210910878325,0.5560593912341698,0.27462849965683633
0.1747989021296857,0.518937090819643,0.30626400705046003
0.18084299314474392,0.48233059449224264,0.336826412362802
0.1871317575270993,0.4487460073901285,0.36412223508256003
0.1933353264247654,0.4204724143932009,0.3861922591818216
0.19912827091040636,0.39942169676835887,0.4014500323210218
0.20421119619276343,0.38699508533649035,0.40879371847053264
0.2083308164441004,0.38398577244244636,0.4076834111132395
0.21129716581506797,0.39052435660121626,0.3981784775835013
0.2129967761159429,0.4060708737711764,0.3809323501126655
0.21340090599513192,0.42945389087313346,0.3571452031315191
0.21256822439955703,0.4589538313314113,0.3284779442688155
0.2106417123934746,0.4924246014781795,0.29693368612812904
0.20783992863212822,0.5274449082163414,0.26471516315131316
0.20444315988780326,0.5614885898462685,0.23406825026571063
0.2007753239628046,0.5921019676439544,0.20712270839302244
0.1971827847165085,0.6170757565405928,0.18574145874267953
0.19401145764647662,0.6345994803992142,0.17138906195408962
0.1915837139923473,0.6433875905303975,0.1650286954770353
0.19017662190421813,0.642768495428765,0.1670548826667962
0.19000299152695352,0.6327303324514234,0.17726667602140203
0.19119652037336338,0.6139203626757271,0.19488311695068788
0.19380207621161086,0.5875981331611789,0.21859979062698792
0.1977718230608199,0.5555457965213878,0.2466823804175694
0.2029675130283916,0.5199419780308876,0.2770905089404978
0.20916885760651985,0.4832081251537971,0.30762301723945934
0.21608748374622183,0.4478381856034504,0.3360743306501037
0.22338559992904586,0.416223604987726,0.3603907950830032
0.2306981714239741,0.3904859351064751,0.37881589346932515
0.237657154530679,0.3723287799821701,0.3900140654869252
0.24391618460842185,0.36291942044106357,0.39316439495028793
0.24917406369952017,0.3628083489492746,0.3880175873509783
0.25319545522797243,0.37189226444421336,0.37491228032758683
0.2558273628476512,0.3894230119808519,0.3547496251712687
0.25701023798008726,0.4140617204685525,0.3289280415511314
0.25678290913668167,0.4439742210964503,0.2992428697666387
0.2552809332821348,0.4769609418526754,0.26775812486496
0.2527284085320574,0.5106120719356563,0.23665951953205566
0.24942372914098407,0.5424770412625455,0.20809922959623958
0.24572017822129003,0.5702363857694848,0.18404343600899387
0.2420026125743572,0.5918639350987648,0.16613345232664586
0.23866177243720177,0.6057679726456151,0.15557025491695042
0.2360679269998507,0.6109015262738033,0.1530305467261128
0.23454563092320685,0.6068341430556947,0.15862022602086434
0.23435131200903972,0.5937802269490633,0.17186846104166303
0.2356552378989624,0.5725820813552173,0.19176268074558558
0.238529130443623,0.5446489828318447,0.2168218867242966
0.24294032782202554,0.5118566937982636,0.24520297837947486
0.24875296053074258,0.47641458471422493,0.27483245475479606
0.25573613668350736,0.4407097868537491,0.3035540764625064
0.2635786562040061,0.40713937893556695,0.32928196486018924
0.27190932475113017,0.37794241548450275,0.3501482597641288
0.2803215474399093,0.3550435778485923,0.36463487471125966
0.28840057690482074,0.33991937486065993,0.37168004823428014
0.29575159182002897,0.3334962018897208,0.37075220629001043
0.30202670543630444,0.33608730066326103,0.3618859939001941
0.3069490556849388,0.3473729090997272,0.34567803521509305
0.3103323069106153,0.36642484548417026,0.32324284760497307
0.3120941876448989,0.39177364950045973,0.2961321628543996
0.31226308029481076,0.42151342342141646,0.2662234962835303
0.3109771416105702,0.4534368888924128,0.2355859694967735
0.3084759365290245,0.48519108154347995,0.20633298192725183
0.30508507852388533,0.5144426922306223,0.18047222924524794
0.3011948521215458,0.5390414268565155,0.159763721021694
0.29723421444806125,0.5571699383562669,0.14559584719542637
0.293641903058683,0.5674698687928138,0.13888822814825696
0.29083659322274724,0.5691352544875214,0.1400281522894846
0.2891881332286757,0.5619668695432487,0.14884499722782843
0.2889918338165301,0.5463838476164802,0.1646243185667418
0.29044759958771305,0.5233919325494032,0.18616046786263576
0.2936453775713557,0.49451075311560283,0.21184386931279273
0.29855798108593506,0.4616653817515716,0.23977663716224393
0.30504185306981824,0.4270499213003229,0.26790822562960886
0.31284579518700106,0.3929727945813694,0.29418141023137906
0.3216271436704604,0.36169465567138176,0.3166782006579067
0.33097435737659414,0.33527031457790485,0.3337553280452493
0.34043453360335735,0.3154057384728369,0.3441597279235533
0.3495440144644767,0.3033400892056121,0.3471158963296584
0.3578600162789613,0.29976095914592377,0.3423790245748614
0.364991123660529,0.3047586046429313,0.33025027169628574
0.3706245464819507,0.3178222168214127,0.311553236696382
0.3745482393212791,0.3378783084949054,0.28757345218356034
0.3766663170277352,0.363368342405742,0.25996534056626713
0.37700664509216086,0.39235998710666775,0.2306333678009152
0.37572001009381734,0.42268405390439867,0.2015959360015271
0.37307084823488473,0.45208740334094427,0.1748417484239135
0.3694200899130424,0.4783910340344904,0.15218887605220902
0.36520122556814255,0.49964225271208645,0.13515652171951262
0.36089117465814463,0.5142502904893799,0.12485853485221672
0.35697791202313794,0.521095940558458,0.12192614741814468
0.3539270473941389,0.5196076580186492,0.12646529458695183
0.35214964643965374,0.5097989496039596,0.13805140395612606
0.35197351766947904,0.49226461950053646,0.15576186282972332
0.35361997159641756,0.4681363334300333,0.17824369497328718
0.3571877003225975,0.43900081267782837,0.2038114869993113
0.362644950505282,0.4067865730112033,0.23056847648325188
0.3698306021192833,0.3736272989724166,0.25654209890803664
0.3784641574310572,0.3417115412837275,0.279824301284951
0.3881640306325509,0.3131293348761137,0.2987066344910709
0.39847295098539254,0.2897264969705984,0.31180055204374396
0.4088887913106409,0.2729767711565192,0.31813443753257403
0.41889874455380444,0.26388068004835064,0.3172205753975787
0.4280145218700477,0.262898031008911,0.309087447120774
0.43580615473809897,0.2699186244063848,0.2942752208552483
0.4419320587633741,0.2842730125015366,0.27379492873482114
0.44616325440127447,0.30478234051944814,0.24905440507900825
0.4484000248865227,0.32984356798866443,0.22175640712454334
0.448679798902296,0.3575439093793286,0.19377629171810562
0.4471756410024845,0.38579631947275256,0.1670280395244927
0.4441853761101513,0.412486419581161,0.14332820430841653
0.4401120214964757,0.435620512740595,0.12426746576265768
0.43543680575555394,0.45346431799521136,0.11109887624896227
0.43068657714387903,0.4646627630170432,0.10465065983880495
0.4263978063340356,0.4683325566791487,0.10526963698654211
0.4230796422259029,0.46412121798291445,0.1127991397909084
0.4211785651294263,0.45222862448488815,0.12659281038541076
0.42104709199908363,0.4333897921322065,0.14556311586843462
0.4229187281834724,0.40882032184259076,0.16826094997366103
0.42689094591781784,0.38012855478040236,0.1929804993015033
0.4329174289351139,0.349200785933563,0.21788178513104609
0.440810191503456,0.31806773422630435,0.24112207426996207
0.45025150188371327,0.2887617301312025,0.26098676798480613
0.46081486125876553,0.26317467358802155,0.2760104651529343
0.4719936566500388,0.24292669863380373,0.28507964471587816
0.48323556443903987,0.2292546690644928,0.28750976649618754
0.49398036813921037,0.22292818301123218,0.28309144884927684
0.5036985996975548,0.22419878897375653,0.2721026113284077
0.5119283367428358,0.23278575352230885,0.25528590973457366
0.518307595590568,0.2478991397096369,0.23379326469951286
0.5226000454683597,0.26829833765979183,0.20910161687156573
0.5247122149272645,0.29238171861795925,0.1829060664544929
0.5247009371040927,0.3183009332025826,0.15699812969304058
0.5227704474607391,0.3440916923793661,0.13313786015961004
0.5192592602815657,0.3678117705990897,0.11292896911905964
0.5146176594499835,0.38767652774169836,0.09770581280803245
0.5093772956107279,0.40218248657090094,0.08844021781808459
0.5041149397750379,0.4102104038184311,0.08567465640624417
0.4994128632792743,0.4111007680119228,0.08948636870851563
0.495818565579594,0.40469663678782236,0.0994847976322956
0.49380663594077356,0.3913510485009192,0.1148423155580189
0.49374540679986717,0.3718987422330849,0.13435585096675853
0.49587074294126693,0.3475944203458191,0.15653483671262441
0.5002688320540332,0.32002211323841334,0.17970905470726303
0.5068692307916403,0.29098219521748536,0.20214857399058347
0.5154487176489748,0.26236411635482043,0.22218716599591312
0.5256457579732055,0.2360138551358813,0.23834038689062106
0.5369846487662921,0.2136053989606566,0.24940995227275842
0.5489077329251578,0.19652520773867166,0.25456705933587703
0.5608135017321985,0.18577763950770806,0.2534088587597994
0.5720979811740361,0.18191778937048353,0.24598422945518625
0.5821965524542428,0.18501622537933973,0.23278722216612252
0.5906233081517439,0.19465783859802135,0.2147188532499393
0.5970051975852402,0.20997462059868782,0.19302018181577604
0.6011085588726383,0.2297098096556307,0.16918163147143425
0.6028561482886071,0.2523086728549556,0.1448351788561401
0.6023334252854289,0.27602936602052935,0.12163720869374378
0.5997835897965637,0.2990659618733746,0.10115044832976339
0.5955916464463632,0.3196749500631449,0.08473340349019283
0.5902585342022089,0.33629634115983476,0.0734451246376567
0.5843670565954991,0.34766095734047375,0.06797198606372672
0.5785419280306147,0.3528765286160822,0.06858154335300219
0.5734066747682993,0.3514867575437985,0.07510656768760055
0.5695403644914739,0.34349945499591167,0.08696018051231212
0.5674371683691812,0.32938204547608396,0.10318078615443228
0.5674715808617029,0.31002503664796666,0.1225033824900273
0.569871746283035,0.2866762824558326,0.14345197126082862
0.5747027923135054,0.2608508864590755,0.16444632122711486
0.5818613863721733,0.23422325236391095,0.1839153612636104
0.5910819578020052,0.20850897906934465,0.20040906312834458
0.6019542204600491,0.18534493864407733,0.21270084089556737
0.6139508425796044,0.16617592754435873,0.21987322987573013
0.6264633986465129,0.15215574574997667,0.221380855603203
0.6388441515164929,0.14406947820844088,0.21708637027475852
0.6504507936734653,0.14228220868756172,0.20726699763866469
0.6606910545555997,0.14671750029062167,0.19259144515346946
0.6690640728558647,0.15686686553094467,0.17406906161288108
0.6751956404350139,0.17182927186922778,0.15297508769544813
0.6788648347275955,0.1903776390580329,0.1307575262140606
0.6800201418706463,0.21104742798721268,0.10893243014182952
0.6787838934538547,0.2322409247467725,0.08897518179906083
0.6754446463597694,0.25233978955547515,0.07221556408444299
0.6704379719257217,0.26981793592999403,0.059744092143970674
0.6643169295121777,0.28334686106310725,0.05233620942440116
0.6577142240078803,0.2918861543842146,0.05039962160759063
0.6512986359200738,0.29475301974856966,0.05394834433104143
0.6457287247254517,0.2916661749648804,0.0626051003093525
0.6416070114337608,0.2827613291737848,0.07563165939213856
0.6394378294515861,0.26857745218370344,0.09198471836439391
0.6395917938199724,0.2500150974923904,0.11039310868731982
0.6422793932362042,0.22826997869199886,0.12945062807147922
0.6475355869237265,0.2047466927993803,0.14771772027657487
0.6552165318462696,0.18095881781126402,0.16382465034214733
0.6650087269984812,0.15842249597370742,0.1765687770274916
0.6764499985768824,0.13855099185272776,0.18499900957006965
0.688960922760014,0.12255756438371465,0.18848151285595058
0.7018845494150143,0.11137333094379688,0.18674211964086734
0.714531701888404,0.10558568104279892,0.1798826170684752
0.7262287268291201,0.10540130098930343,0.16836997218125369
0.7363643826201961,0.11063610776296547,0.15299950961651546
0.7444325994195995,0.12073248669504318,0.13483491388503363
0.7500681160492131,0.13480231820213587,0.11512956574832685
0.7530724811297204,0.15169249736953672,0.09523502150041785
0.7534285653225389,0.17006811976649608,0.07650331491063975
0.7513025231745166,0.18850733159617827,0.06019014522897916
0.7470330122867915,0.2056011001447216,0.047365887568160125
0.7411083641161867,0.22005089822653676,0.03884073765694939
0.7341332429232785,0.2307575264991918,0.035109230577202014
0.7267870682950228,0.23689499805822667,0.03631793364642211
0.7197770602957533,0.23796452587747013,0.0422584138264474
0.7137891532577334,0.23382510224586497,0.0523857444960719
0.7094401866512302,0.22469883493870366,0.065860978409736
0.707234707058598,0.21115098744173913,0.08161430549933238
0.7075294081767337,0.19404643412994288,0.09842415769299233
0.7105077163859754,0.17448586284415027,0.11500642076954275
0.7161663330686173,0.15372642527543084,0.13010724165561965
0.7243147193351201,0.13309255764302516,0.14259272302152168
0.7345876111569648,0.11388330342965676,0.15152908541304488
0.7464697454047998,0.09728262931188042,0.1562476252829858
0.7593311232088688,0.08427892976389682,0.15638994702689957
0.7724703961791771,0.07559919192951824,0.15193041189096892
0.7851633854822798,0.07166219666631522,0.14317441785106907
0.7967133743875184,0.0725537458419435,0.13073287977020193
0.8064996782516963,0.07802533086748649,0.1154749908804807
0.8140211024743296,0.0875160057832237,0.09846289174210916
0.8189312422411349,0.1001956164510019,0.08087314130752508
0.8210631348685513,0.1150260775818767,0.06391078754923277
0.8204415082342821,0.13083618123291268,0.04872231053246583
0.8172817266917811,0.1464045447753534,0.03631372853252564
0.8119754596524129,0.16054481945124188,0.027479720896004426
0.8050640234724338,0.1721872107523206,0.022748765774904395
0.7972012098550649,0.1804507076178506,0.022348082526742735
0.7891081532510843,0.18470114844495752,0.02619069830361592
0.7815233536948135,0.18459131121798547,0.03388533508685819
0.7751513201550254,0.18008052368259903,0.044768156162032086
0.7706134077199136,0.1714327521729844,0.05795384010675836
0.7684042813592307,0.15919363991795796,0.07240207872246664
0.7688570585447967,0.1441484210546837,0.0869945204001745
0.7721195883748838,0.1272639344802378,0.10061647714453295
0.7781435567804665,0.10961901403201227,0.11223742918717532
0.786687218898246,0.09232826886074799,0.12098451224065906
0.7973316123560346,0.07646464398588772,0.12620374365773027
0.8095091649450881,0.06298614566342406,0.1275046893911402
0.8225427425781774,0.052671736149879,0.12478552127159544
0.8356924493384342,0.0460706805905205,0.11823687007069639
0.8482069424698184,0.04346862132795777,0.10832443620187429
0.859375700250747,0.044872437149389516,0.09575186259951293
0.8685786032222507,0.050014605495115765,0.08140679128228252
0.8753293653922867,0.05837642002114683,0.06629421458621478
0.879309770318798,0.06922811984624153,0.051462109834608416
0.8803922989360997,0.08168284944019018,0.037924851623357465
0.8786495381932156,0.09476046582231738,0.02658999598411369
0.8743496765417081,0.10745660109780682,0.018193722360131434
0.8679383604011924,0.11881211029946515,0.013249529298988073
0.860008137527026,0.12797810015584585,0.012013762316773697
0.8512575822317338,0.13427213262595603,0.014470285141954753
0.8424429227822265,0.13722189363892645,0.020335183578490994
0.8343255219637037,0.1365935580825642,0.029080919953375462
0.8276188601863604,0.13240319632647898,0.03997794348680364
0.8229387151255729,0.12491077434886205,0.05215051052520755
0.8207600189227167,0.11459751291327225,0.06464246816365263
0.8213834175776585,0.10212850657264994,0.07648807584933275
0.8249138885401729,0.08830348310059104,0.08678262835887685
0.8312529377490575,0.07399934330051137,0.09474771895007145
0.8401049542996039,0.06010861182735704,0.09978643387267884
0.850997315086824,0.04747812328276764,0.1015245616300473
0.863312871867057,0.036852157398681126,0.09983497073390021
0.8763325862780522,0.028823836984406763,0.09484357673717843
0.8892853651945741,0.023797946787384058,0.08691668801767867
0.9014016395425639,0.02196747188341098,0.07663088857366163
0.9119669603905535,0.02330515513767846,0.0647278844714043
0.9203718761695098,0.02757030739164549,0.052057816438480224
0.9261546055551778,0.03433004703893914,0.03951534740551818
0.9290335149994711,0.04299317085177865,0.02797331414838446
0.9289271141778264,0.05285403110807256,0.01821885471373461
0.9259601480451142,0.06314316911997894,0.01089668283454046
0.9204553307268668,0.07308107062096061,0.006463598651805273
0.9129112668676759,0.0819312848375736,0.005157448294382957
0.9039680705644487,0.08904928840326341,0.006982641031919082
0.8943630532177707,0.093923861104251,0.011713085677609382
0.8848795492062932,0.09620833952819889,0.018912111265137956
0.8762924331834215,0.09573987974856742,0.027967687067641047
0.8693141207196882,0.09254573362656829,0.03814014565337263
0.8645448178538817,0.08683646154223656,0.048618720603510475
0.8624304961572393,0.07898690240080183,0.05858260144158754
0.8632315378084974,0.06950653783990718,0.06726192435122322
0.867004256583725,0.05900156741091444,0.0739941760049878
0.873596606747009,0.04813151191149676,0.07827188134112088
0.8826584046859057,0.037563453597909954,0.07977814171581077
0.8936653765068837,0.027927090741474318,0.0784075327512672
0.9059553792613934,0.01977363193733665,0.0742709888008949
0.9187742914971951,0.013541200097740923,0.06768450840468825
0.9313283901017165,0.009528888199253079,0.05914272169865425
0.942839572603543,0.007880950691467398,0.04927947670461304
0.9525995795696164,0.00858187583644016,0.038818544593566075
0.9600194351804857,0.011462318944804595,0.028518245874331632
0.9646706515079267,0.016215138378187728,0.01911421011350733
0.966315311027931,0.022420115443471486,0.01126457352821855
0.9649229131495054,0.02957539891853064,0.005501687931584535
0.9606727905048672,0.03713332800978014,0.0021938814849723773
0.953941905440503,0.044538075234376605,0.001520019324739935
0.9452788565682458,0.05126252125826523,0.003458622173107747
0.9353658882379123,0.056841922247334496,0.0077921895143712745
0.9249715350768299,0.06090223969442266,0.014126225228365114
0.9148971905387638,0.06318144529501984,0.0219213641658337
0.905921316616322,0.06354265336887777,0.030536030014416925
0.8987451812878331,0.0619785293343853,0.03927628937739811
0.8939439087223571,0.058607031385190134,0.04744905989206814
0.8919262614855574,0.053659121298975855,0.05441461721508184
0.8929059691695184,0.04745959064943984,0.05963444018065619
0.8968866159319535,0.04040255850228262,0.06271082556537799
0.9036611561090551,0.03292348234449522,0.06341536154606274
0.912826108043335,0.025469671681043953,0.06170422027523372
0.923809452582414,0.01847129990502119,0.057719247512177024
0.9359103058113715,0.012314781246102852,0.05177491294213746
0.9483476123442438,0.007320131493638722,0.04433225616172894
0.9603144735299005,0.003723586992956947,0.03596193947675312
0.9710343285354274,0.0016663448606737373,0.027299326603508898
0.9798150733652938,0.0011898403635493624,0.018995086270766365
0.9860973429958454,0.002237527581742882,0.011665129422020727
0.9894935854316964,0.004662707795685907,0.005843706772226193
0.9898151956984016,0.008241583666942214,0.0019432206342639541
0.9870858081679232,0.01269042786727683,0.0002237639644071634
0.9815398093791861,0.01768555722177564,0.000774633398644974
0.9736061635074518,0.02288470512108662,0.003509131371068094
0.96387866701585,0.027948385878775045,0.008172947104980798
0.953074696287986,0.03255993781100746,0.014365365900611552
0.9419853160153794,0.03644310403413324,0.02157157995009208
0.9314202205809627,0.03937624360610849,0.029203535812533172
0.922151343308664,0.04120253998289032,0.036646116708049625
0.9148590637695795,0.04183586687750146,0.04330506935252248
0.9100847645208421,0.041262262050724446,0.048652973428036116
0.9081930480173953,0.03953722793497177,0.0522697240472347
0.90934625257942,0.03677930825878872,0.053874439161392576
0.9134930499808666,0.033160570239407376,0.05334637977932763
0.9203719261152045,0.028894745481361856,0.0507333284030344
0.9295293087024359,0.02422384738235309,0.04624684391481109
0.9403510845085212,0.019404091087703194,0.04024482440337519
0.9521053143498736,0.014691900232673137,0.03320278541705253
0.9639931724857679,0.010330702203253042,0.025676125310577495
0.9752045624682848,0.006539101615451181,0.01825633591586205
0.9849745342929205,0.003500892027811542,0.01152457367886556
0.9926365706885625,0.001357229995623108,0.006006199315411273
0.9976690276620039,0.00020116348039862106,0.002129808857193745
0.999731490880366,0.00007458623761305522,0.00019392288161711166
0.9986885119465633,0.0009675864127313386,0.0003439016403009694
0.9946190681258223,0.0028200737282625473,0.002560858145509952
0.9878110842728903,0.005525505295589826,0.0066634104311142535
0.9787413971626804,0.008936483015530568,0.012322119821382819
0.9680425574738767,0.012871961980245237,0.019085480545470872
0.9564587824836001,0.017125784715984436,0.02641543280000815
0.9447941290519023,0.02147623599700672,0.03372963495068317
0.9338564989130744,0.025696293585119823,0.040447207501397124
0.9244013787950027,0.02956422928200678,0.046034391922581464
0.9170792361927196,0.032874191631441514,0.05004657217542994
0.9123902364636954,0.03544637798480417,0.05216338555109068
0.9106494361145377,0.03713638286368191,0.052214181021369786
0.9119648763776059,0.03784329657389576,0.05019182704808728
0.9162301014488216,0.03751612875045397,0.04625376980031308
0.9231316198753877,0.03615815202542717,0.04071022809877317
0.9321707857447165,0.03382880671381906,0.03400040754105178
0.942698571228533,0.03064288216596867,0.026658546605085275
0.9539608037918424,0.026766795788396816,0.019272400419347115
0.9651507126229586,0.02241192533542937,0.012437362041198132
0.9754651203670401,0.01782510934058829,0.006709770291957058
0.9841603634510105,0.0132766066529435,0.002563029895631246
0.9906040447147273,0.009045988199123566,0.00034996708573344694
0.9943190141801104,0.005406609239166101,0.00027437658030750735
0.9950165171039648,0.002609464105276421,0.002374018790342281
0.9926162049577203,0.0008673430930989977,0.0065164519487636435
0.987251621785716,0.00034027930667459335,0.012408098907191616
0.9792607914777199,0.001123280755641629,0.019615927766220512
0.969162570133632,0.0032372824260717427,0.027600147439877383
0.9576204194338362,0.006624121612146362,0.03575545895359808
0.9453961326117533,0.011146140068896925,0.04345772731893015
0.9332967432461541,0.016590756728904317,0.05011250002452165
0.922118320039257,0.022680048491509633,0.05520163146881288
0.9125905651865942,0.029085042447637082,0.05832439236534746
0.9053260751039162,0.035444083096227624,0.059229841799434385
0.9007777944610171,0.041384317153299204,0.057837888385261334
0.8992076207494868,0.046545061462815014,0.054247317787275554
0.9006683371920216,0.050601609863607545,0.048730052943947645
0.9050001212088801,0.05328791284135327,0.041711965949343066
0.9118418589230596,0.0544165444015248,0.03374159667499169
0.9206564642874016,0.053894462148971506,0.02544907356320244
0.9307684263314854,0.051733269589399125,0.017498304078690782
0.9414109576950077,0.048052996420803684,0.01053604588376309
0.9517794512141161,0.04307880708825877,0.0051417416971990875
0.9610875151435472,0.03713050668159857,0.0017819781744277516
0.9686216818065989,0.030605206782560783,0.0007731114104134887
0.9737909810532589,0.02395400828814124,0.002255010658172187
0.9761679318393301,0.017654017812832358,0.006178050347409328
0.9755181069890249,0.012177403919154865,0.012304489091391563
0.9718162255359026,0.007959487395186756,0.020224287068481242
0.9652476679935891,0.005368020201338152,0.02938431180464309
0.956195326711758,0.004675822751112089,0.03912885053669989
0.9452127251430961,0.006038810869833129,0.04874846398664018
0.9329852951505233,0.009481154941404774,0.05753354990764083
0.9202825239057347,0.014888888388620795,0.06482858770521334
0.9079043143155895,0.022012745313365747,0.07008294037061277
0.896625301430383,0.030480391667124473,0.07289430690206024
0.887141004483626,0.03981756168461275,0.07304143383132831
0.8800195608868826,0.0494769668714943,0.07050347224118934
0.8756623943417425,0.05887325522933964,0.06546435042848356
0.8742765420878554,0.0674218081546296,0.05830164975708045
0.8758605502443282,0.07457881062791222,0.04956063912732492
0.8802048983893624,0.07987984744328919,0.039915254166913106
0.8869069012226682,0.082974283757689,0.030118815019206692
0.8953990270971229,0.08365288867790395,0.02094808422453659
0.9049886406326003,0.08186654860454666,0.013144810762415637
0.9149063844092792,0.077734471437463,0.007359144152820518
0.9243598178491065,0.07154096958304461,0.004099212567410742
0.9325885711002342,0.06372068431705373,0.003690744582273717
0.9389171727332698,0.05483292394015115,0.00624990332613973
0.9428018787802912,0.04552657651998235,0.011671544699286752
0.9438682548613903,0.03649776775033116,0.01963397738783889
0.9419369128212688,0.028443012320933037,0.029620074857358025
0.9370356327593341,0.02201100774161629,0.04095335949860887
0.9293970524440933,0.01775640872704807,0.052846538828417194
0.919442112363609,0.01609887811117136,0.0644590095247779
0.9077504358584136,0.0172904329560291,0.07495913118511507
0.895019730892839,0.021393604964853027,0.0835866641418651
0.8820170600139726,0.028272241769987376,0.08971069821559709
0.8695253852832494,0.037595934102646875,0.09287868061366025
0.8582891168295621,0.04885811916206531,0.09285276400792838
0.8489624552407594,0.06140694681927751,0.08963059793951834
0.8420641155522874,0.0744870705774925,0.0834488138697749
0.8379415687725088,0.08728970646873688,0.07476872475830916
0.8367472677258563,0.09900765147109294,0.06424508080260474
0.8384284845798186,0.10889151938604956,0.052679996033685526
0.8427314365986092,0.11630327291453521,0.040965290486408505
0.849219380908389,0.12076322511224112,0.030017393978922266
0.8573033878128835,0.12198705157995726,0.020709560606711416
0.8662836230489283,0.11990997714489199,0.01380639980573134
0.8753982433154113,0.11469613924781517,0.009905617436324678
0.883876486642851,0.1067321302150053,0.009391383141693944
0.8909922555946778,0.09660481467557427,0.012402929729298217
0.896114466066752,0.08506463087424566,0.01882090305855206
0.89875066868547,0.07297663676058012,0.02827269455349896
0.8985809265358474,0.06126247724793586,0.040156596215765436
0.8954796183695679,0.05083715971282749,0.05368322191715264
0.8895236822871949,0.04254497554685058,0.067931342165502
0.8809867618609967,0.03709905862215653,0.0819141795163941
0.8703196985685232,0.03502890957544917,0.09465139185557406
0.8581187628064653,0.036639742647378196,0.10524149454570288
0.8450838647172338,0.04198675647725755,0.1129293788050542
0.8319696767772605,0.05086643955472919,0.11716388366755594
0.8195330849242323,0.06282586056437002,0.11764105451094259
0.8084806307802656,0.07718964266682636,0.11432972655245283
0.799419597833058,0.09310306595087263,0.10747733621561348
0.7928161306727991,0.10958857297517859,0.09759529635156601
0.7889632776485292,0.12561195326739116,0.08542476908362281
0.7879611489911954,0.1401537281602387,0.07188512284810859
0.7897105337437578,0.15228080571464273,0.05800866054114194
0.7939203792372057,0.16121336454933008,0.044866256213005794
0.8001285720134026,0.1663821694371319,0.03348925854900684
0.8077345362191308,0.16747210980683422,0.024793353973576043
0.8160413486592031,0.16444864935016132,0.019510001990176034
0.8243044153928869,0.15756502268962846,0.01813056191702471
0.8317833079849751,0.1473493365332546,0.020867355481309725
0.8377931487012336,0.13457213719411293,0.02763471410419277
0.8417519768167794,0.12019639555573321,0.03805162762702553
0.8432208189896866,0.1053131356401183,0.051466045369733184
0.841933704291603,0.09106700142655932,0.06699929428137512
0.8378155722350842,0.07857683912036681,0.0836075886440862
0.8309868701285604,0.0688568083295025,0.10015632154147357
0.8217545648831008,0.06274358883140312,0.11550184628503259
0.8105902391285565,0.06083490969350401,0.12857485117747564
0.7980968364203878,0.0634439121298461,0.1384592514493014
0.7849664033908342,0.07057281129183929,0.1444607853168616
0.7719317938606475,0.08190801410678293,0.1461601920321041
0.7597157088747616,0.09683736890384725,0.14344692222092495
0.7489806196663534,0.11448867023945013,0.1365307100937297
0.740283046525212,0.13378702802325487,0.125929925451066
0.7340353514914204,0.15352734171728727,0.1124373067908248
0.7304776695078933,0.17245699727850786,0.09706533321313103
0.7296618890250423,0.18936310997088904,0.08097500100360049
0.7314487493294153,0.20315823143843365,0.0653930192316824
0.7355182072025462,0.2129584589720962,0.0515233338248883
0.7413923037304996,0.21814833357871355,0.04045936269031768
0.7484688972684789,0.21842776570772435,0.03310333702332646
0.7560638805767251,0.21383742873932138,0.030098690683482858
0.7634589205027144,0.20476053043691933,0.03178054905989522
0.7699513868844686,0.19190051115626686,0.038148101958792924
0.7749029985846024,0.17623591093748275,0.04886109047744229
0.7777838174323235,0.15895527647077334,0.06326090609643045
0.7782085572158017,0.14137642703784437,0.0804150157458811
0.7759627204146403,0.12485556082990294,0.09918171875498352
0.7710167913236592,0.11069247333961334,0.11829073533625381
0.7635275501692611,0.10003851684902015,0.13643393298124443
0.7538264701889311,0.09381382333943022,0.15235970647116417
0.7423960558676783,0.09263974387879717,0.16496420025304948
0.7298358133685761,0.09679145998806288,0.17337272664288553
0.7168202561116012,0.10617436175541729,0.17700538213250544
0.7040518905467832,0.12032615526196479,0.17562195419077561
0.6922124625429037,0.1384448703330108,0.16934266712360835
0.6819158511156542,0.15944111357505486,0.15864303530881357
0.673665867084656,0.1820111799586159,0.1443229529562505
0.6678218597114375,0.20472612261947595,0.12745201766860845
0.6645744800504014,0.22613069490427806,0.10929482504484214
0.6639332350357795,0.24484530888899092,0.09122145607475038
0.6657266415578464,0.2596638601550776,0.07460949828659662
0.6696149126981927,0.2696404760316438,0.06074461126968335
0.6751142399970713,0.2741589450642467,0.050726814938201165
0.6816309363100531,0.27297973536446823,0.04538932832499768
0.6885030286076478,0.266261032574629,0.045235938817241694
0.6950463852111962,0.2545520209814867,0.050401593806835066
0.7006021616457992,0.23875857004686252,0.06063926830685593
0.7045822733470611,0.22008343777289766,0.07533428887955865
0.7065097560564358,0.19994492408190745,0.09354531986117365
0.7060512441574667,0.17987947145723132,0.11406928438481853
0.7030393567485415,0.16143490295205512,0.1355257402989196
0.6974834911647128,0.14606172086584474,0.15645478796895804
0.6895683339648946,0.13501010604831218,0.17542155998630818
0.6796402534138898,0.1292399370136273,0.1911198095719973
0.6681825757775768,0.12935030677768566,0.2024671174442518
0.655781512299318,0.13553370754722077,0.2086847801529748
0.6430851419265714,0.14755836668159178,0.2093564913913503
0.6307583231514183,0.1647802670536877,0.204461409794407
0.6194366751614747,0.18618430625958096,0.19437901857845688
0.609682816460442,0.2104519877512124,0.17986519578785776
0.6019478760652178,0.23605113884186432,0.16200098509242958
0.5965409115001474,0.26134155153747535,0.1421175369618881
0.5936083066174663,0.28468925833431546,0.12170243504772855
0.5931245206276334,0.30458147433442967,0.10229400503744707
0.594894767008407,0.31973411234918814,0.08537112064191466
0.598569372571267,0.3291842233500217,0.07224640407822075
0.603668760471436,0.3323607046962319,0.06397053483184076
0.6096172720607386,0.32912808827350376,0.06125463966526577
0.6157834412262531,0.319800070686582,0.06441648808667307
0.6215239021209317,0.30512155078661135,0.07335454709196483
0.6262278759485124,0.28622014979230087,0.08755197425869406
0.6293591598538779,0.26453035085894494,0.1061104892866838
0.6304927312983296,0.24169535493331934,0.12781191376785736
0.6293434701486642,0.21945336771852197,0.15120316213231977
0.6257850599844988,0.19951619110134164,0.17469874891366505
0.6198578201211079,0.18344860543897945,0.1966935744394177
0.6117649920354001,0.17255704845457479,0.2156779595095298
0.6018578043534243,0.16779551551776214,0.23034668012831783
0.5906104137838949,0.1696954605499262,0.2396941256656826
0.5785865120482556,0.17832484271641935,0.2430886452348283
0.5663999535802192,0.1932794526770357,0.24032059374224796
0.5546721572896594,0.21370740234671654,0.23162044036312673
0.5439892415140904,0.23836533079733452,0.21764542768807724
0.5348618513987901,0.26570263014321155,0.19943551845750007
0.5276904336640201,0.29396798856972683,0.1783415777657538
0.5227383204641914,0.321330926874767,0.15593075266054235
0.5201144302089945,0.346009887695658,0.1338756820948475
0.5197667181201764,0.3663979060352667,0.11383537584405656
0.5214867603606897,0.38117698804164074,0.09733625159716876
0.5249250850262461,0.3894130503541959,0.0856618646190567
0.5296161244835272,0.3906245784976659,0.07975929701830514
0.5350110072927278,0.3848199621233722,0.08016903058339792
0.5405158790125487,0.3725006341676498,0.08698348681929877